-1.83E-07,
-1.29E-06,
-1.28E-06,
-1.29E-06,
-1.29E-06,
-1.28E-06,
-1.28E-06,
-1.28E-06,
-1.28E-06,
-1.29E-06,
-1.29E-06,
-1.29E-06,
-1.28E-06,
-1.29E-06,
-1.29E-06,
-1.28E-06,
-1.29E-06,
-1.27E-06,
-1.25E-06,
-1.23E-06,
-1.27E-06,
-1.26E-06,
-1.22E-06,
-1.13E-06,
-1.10E-06,
-1.20E-06,
-1.28E-06,
-1.31E-06,
-1.33E-06,
-1.35E-06,
-1.40E-06,
-1.37E-06,
-1.48E-06,
-1.50E-06,
-1.73E-06,
-1.95E-06,
-1.90E-06,
-1.84E-06,
-1.41E-06,
-1.63E-06,
-1.79E-06,
-1.32E-06,
-9.87E-07,
-7.94E-07,
-1.44E-06,
-1.03E-06,
-8.68E-07,
-8.89E-07,
-9.51E-07,
-9.39E-07,
-1.38E-06,
-3.14E-06,
-5.91E-06,
-5.84E-06,
-7.54E-06,
-4.33E-06,
-1.94E-06,
-1.22E-06,
-1.68E-06,
-9.81E-07,
-5.53E-07,
-1.98E-06,
-1.65E-06,
-8.31E-07,
-1.05E-06,
-1.18E-06,
-4.60E-07,
-1.38E-06,
-1.28E-06,
-5.12E-07,
-1.15E-07,
-4.14E-08,
-4.42E-07,
-7.93E-07,
-1.30E-06,
-6.15E-06,
-8.20E-06,
-4.49E-06,
-1.61E-06,
-1.12E-06,
-7.44E-06,
-5.35E-06,
-1.24E-06,
-4.97E-07,
-5.38E-07,
-3.64E-07,
-6.10E-07,
-2.38E-08,
-2.29E-07,
-9.81E-07,
-3.83E-06,
-2.59E-06,
-1.27E-07,
-3.61E-09,
-7.78E-08,
-2.98E-07,
-7.74E-08,
0.00010531,
1.34E-06,
1.66E-08,
-5.21E-07,
-2.88E-06,
5.26E-08,
-6.85E-06,
-6.79E-05,
-1.29E-05,
-5.15E-06,
-4.13E-05,
-6.66E-06,
-2.15E-06,
-5.23E-06,
-8.07E-06,
-1.56E-09,
-5.33E-07,
-4.98E-07,
-2.73E-10,
4.49E-07,
4.04E-06,
6.37E-07,
4.43E-05,
1.02E-06,
-7.80E-05,
-0.00012448,
-1.36E-05,
-1.75E-05,
-3.55E-05,
-1.12E-05,
-3.95E-05,
-0.00029294,
-7.37E-07,
-5.66E-06,
-2.23E-05,
-4.49E-06,
4.55E-06,
5.72E-06,
5.87E-09,
2.99E-07,
4.97E-07,
5.32E-07,
6.93E-07,
-1.89E-07,
-1.57E-06,
-9.64E-09,
7.61E-06,
-1.58E-07,
-1.29E-05,
-1.36E-05,
-3.21E-07,
-6.26E-06,
-8.98E-06,
-1.96E-06,
-1.27E-05,
-2.94E-06,
5.51E-06,
6.82E-07,
2.28E-06,
3.05E-05,
0.00013902,
2.55E-05,
2.23E-06,
1.44E-05,
5.04E-06,
1.99E-07,
5.73E-06,
-8.26E-08,
-7.18E-06,
-5.03E-06,
-3.18E-06,
-1.87E-05,
-2.03E-05,
-1.20E-06,
-2.35E-06,
-1.10E-05,
-1.07E-05,
-5.09E-06,
-7.86E-06,
-1.54E-06,
-2.97E-07,
-7.81E-08,
-2.87E-06,
-6.76E-06,
-5.55E-06,
-2.00E-06,
-3.40E-06,
-0.00022491,
4.94E-08,
-4.85E-05,
-7.49E-05,
-2.33E-07,
2.07E-06,
3.10E-07,
-4.92E-07,
-3.44E-06,
-1.80E-05,
-7.04E-07,
-2.19E-06,
-4.45E-07,
-9.80E-07,
-3.42E-07,
-1.18E-05,
-7.00E-05,
-2.50E-05,
-1.57E-06,
2.12E-09,
5.82E-08,
-1.97E-06,
-3.33E-06,
-2.25E-06,
-1.44E-06,
-3.77E-07,
-3.68E-06,
-3.33E-07,
-4.57E-06,
-3.62E-06,
-7.77E-06,
-1.24E-05,
6.24E-07,
1.70E-08,
-2.86E-06,
-1.93E-05,
-1.32E-05,
-1.08E-06,
2.94E-10,
-1.34E-06,
-4.41E-06,
-3.91E-06,
-3.87E-07,
-2.77E-06,
-6.35E-07,
-5.40E-07,
0.00010541,
-3.93E-06,
-3.26E-06,
-4.50E-06,
-3.56E-06,
-1.89E-07,
-5.50E-08,
-3.59E-09,
-1.81E-06,
-3.31E-06,
-4.09E-06,
4.46E-10,
-2.62E-05,
-9.72E-08,
3.03E-07,
-1.09E-07,
-8.34E-07,
-8.10E-06,
-6.02E-06,
-7.97E-06,
-2.80E-06,
-2.34E-05,
-1.77E-05,
2.68E-11,
1.60E-06,
-4.84E-08,
-4.34E-05,
-5.15E-05,
-9.87E-06,
-3.36E-08,
-1.50E-09,
2.30E-08,
-1.50E-05,
-8.71E-06,
2.91E-05,
-0.0002041,
2.10E-05,
9.13E-06,
-0.00014718,
6.70E-05,
2.13E-07,
-3.35E-06,
2.65E-05,
-1.24E-05,
2.41E-06,
8.74E-08,
-3.37E-05,
2.21E-08,
-1.25E-05,
-4.26E-06,
-1.42E-06,
-5.22E-05,
-6.04E-05,
9.81E-06,
-0.00016873,
1.23E-06,
2.72E-06,
-0.00022122,
8.54E-06,
-3.27E-06,
-0.00011158,
2.13E-06,
-8.52E-05,
-2.65E-05,
1.23E-05,
-0.00024433,
1.69E-05,
-1.33E-08,
-0.0001116,
5.32E-05,
-1.31E-05,
-3.82E-06,
3.33E-06,
-4.60E-05,
-1.90E-05,
2.99E-05,
-5.37E-05,
4.05E-07,
1.33E-05,
-3.96E-05,
2.67E-05,
-2.49E-08,
-1.01E-05,
1.88E-05,
-8.02E-06,
-1.96E-08,
-1.10E-07,
-6.75E-06,
-2.77E-06,
-0.00051004,
9.80E-05,
-0.00061885,
7.31E-07,
6.01E-05,
-0.00030738,
6.23E-05,
2.79E-06,
-2.73E-05,
0.00014775,
-1.58E-05,
2.10E-09,
1.44E-05,
-3.61E-05,
-0.0090968,
-0.0068359,
-0.0032701,
-0.0020888,
-0.0021032,
-0.00095976,
-0.00029187,
-0.00085936,
-0.00035751,
-6.99E-05,
-9.81E-05,
-2.57E-05,
5.63E-06,
2.77E-05,
3.16E-05,
0.00011885,
0.00018333,
0.00019429,
0.00023412,
0.0003462,
0.00012134,
0.00013091,
9.56E-05,
9.63E-05,
1.16E-05,
6.82E-05,
6.86E-07,
9.71E-09,
1.21E-08,
-1.83E-06,
-1.01E-05,
-0.00077007,
-0.00024997,
-0.0001166,
-1.20E-05,
2.76E-07,
1.24E-07,
7.84E-06,
8.33E-05,
9.60E-05,
0.00015747,
0.0002603,
0.00039629,
0.00027496,
0.00024628,
0.0002892,
0.0083859,
0.0038525,
0.0031867,
0.0020148,
0.0010271,
0.0012953,
0.00074392,
0.00027244,
0.00040008,
0.00015615,
6.09E-06,
7.85E-06,
3.73E-07,
-0.00015071,
-0.00014094,
-0.0016436,
-0.0035867,
-0.0025888,
-0.002915,
-0.0038659,
-0.0030859,
-0.0019834,
-0.0024714,
-0.0020382,
-0.00090044,
-0.00086807,
-0.015192,
-0.0099639,
-0.0069115,
-0.0041937,
-0.0018005,
-0.0017028,
-0.00082325,
-0.00015894,
-0.00015537,
-0.00010265,
-0.0093701,
-0.0079649,
-0.0039358,
-0.0020577,
-0.0014194,
-0.00075425,
-0.00013709,
-0.00015013,
-2.23E-05,
3.71E-06,
-0.00055097,
-0.00016112,
-0.0002582,
-6.00E-05,
-1.10E-05,
-1.64E-05,
-4.12E-05,
-4.26E-07,
-7.46E-08,
-2.13E-06,
-4.43E-08,
3.52E-06,
-9.56E-08,
4.99E-07,
6.06E-07,
-7.96E-09,
-5.52E-07,
-2.15E-06,
8.15E-08,
-7.49E-07,
-2.60E-05,
-4.27E-06,
1.32E-06,
1.64E-08,
-8.07E-06,
-2.20E-05,
-1.36E-05,
-1.40E-06,
1.66E-07,
5.35E-08,
-1.27E-06,
8.53E-05,
1.82E-05,
2.84E-07,
1.57E-07,
1.31E-05,
4.61E-06,
6.38E-07,
1.19E-05,
1.10E-07,
-2.65E-06,
-7.82E-05,
-0.00041964,
-0.0007413,
-0.00036984,
-4.58E-05,
-6.84E-05,
-0.00023888,
-6.71E-05,
-6.91E-05,
-6.85E-05,
-1.40E-06,
2.40E-07,
-6.13E-08,
-1.05E-09,
2.77E-06,
-2.14E-08,
-2.73E-06,
8.01E-10,
7.24E-06,
-3.22E-06,
-3.21E-05,
-3.17E-05,
-3.62E-05,
-1.95E-05,
-3.37E-06,
-4.28E-06,
-3.31E-05,
-8.28E-06,
-2.63E-08,
-1.54E-06,
-6.25E-08,
-4.50E-08,
-1.00E-10,
-8.89E-06,
-3.73E-05,
-1.68E-05,
-1.54E-07,
-1.63E-07,
-6.54E-07,
-3.08E-06,
-1.41E-05,
-8.04E-06,
-6.47E-07,
-2.69E-06,
-3.86E-06,
-5.97E-06,
0.00022003,
-7.47E-07,
-2.02E-05,
-5.02E-06,
-2.10E-08,
3.79E-08,
8.81E-07,
-1.37E-07,
-3.62E-06,
-9.20E-06,
-3.43E-06,
-4.72E-06,
-3.43E-06,
-2.85E-06,
-1.20E-07,
-2.00E-08,
-1.32E-05,
-7.95E-06,
-3.62E-06,
-1.81E-06,
-2.03E-06,
-5.87E-06,
-4.20E-07,
-5.05E-07,
-4.65E-07,
-1.32E-07,
-3.71E-06,
-3.04E-06,
-4.42E-06,
-4.08E-06,
-1.57E-06,
-5.31E-05,
-2.63E-07,
-2.49E-07,
-4.80E-06,
-1.49E-05,
-6.54E-07,
-2.95E-07,
-1.31E-06,
-1.06E-06,
-6.22E-06,
-1.92E-06,
-2.15E-06,
-1.19E-06,
-4.19E-06,
-1.97E-06,
-3.22E-08,
5.79E-08,
-1.07E-05,
-1.27E-06,
2.64E-07,
1.34E-06,
9.03E-08,
-9.34E-06,
-8.07E-06,
-2.24E-07,
1.53E-07,
-5.56E-06,
-1.95E-05,
-1.54E-06,
-1.27E-06,
-9.64E-06,
-1.82E-05,
-6.55E-06,
-2.30E-06,
-2.23E-06,
-8.19E-07,
-0.00013864,
2.02E-06,
-6.34E-09,
-1.55E-07,
-5.33E-06,
-1.38E-05,
-4.88E-06,
-7.34E-07,
-1.45E-06,
-1.00E-06,
1.83E-05,
-0.00011808,
0.00029446,
-0.00017463,
-1.08E-06,
5.03E-05,
-0.00074581,
1.18E-06,
-3.34E-06,
-0.00035525,
2.75E-06,
-6.85E-05,
-3.35E-06,
1.91E-05,
-7.33E-05,
1.04E-05,
-6.47E-09,
-2.27E-06,
4.74E-05,
-1.28E-05,
1.44E-07,
1.80E-05,
-2.52E-05,
6.60E-06,
2.87E-05,
-0.00012882,
7.36E-05,
4.80E-06,
-0.00012184,
6.65E-05,
-3.67E-06,
-9.95E-06,
5.34E-06,
-6.49E-06,
3.02E-06,
5.06E-06,
-5.31E-05,
3.59E-06,
2.34E-08,
-6.20E-05,
4.17E-08,
-4.46E-05,
-0.00027664,
0.00044842,
-0.00068129,
5.76E-07,
3.90E-05,
-0.0014378,
2.18E-05,
-2.79E-05,
-0.00042636,
3.75E-05,
-0.00015419,
-2.53E-06,
2.09E-05,
-8.53E-05,
4.69E-05,
-0.00057814,
0.00036285,
-3.70E-05,
-3.28E-05,
0.00024837,
-0.0004735,
-9.34E-07,
1.95E-05,
-0.00086717,
1.90E-06,
-4.20E-05,
-0.00017013,
8.96E-07,
-0.00026804,
-1.42E-07,
0.00011691,
2.79E-05,
9.89E-06,
-5.49E-06,
-0.00016847,
-0.00015745,
-0.00045037,
-0.00094213,
-0.00095288,
-0.00096062,
-0.0021846,
-0.0015346,
-0.001639,
-0.0017254,
-0.0014344,
-0.0035556,
-0.0036566,
-0.0012864,
-0.0002704,
-5.82E-05,
-2.41E-05,
1.06E-05,
2.98E-05,
1.40E-05,
0.00014499,
0.0003055,
0.0002686,
0.00026919,
0.00094861,
0.0007595,
0.00033355,
0.0013164,
0.0017614,
0.0011252,
0.0010252,
0.00060607,
0.00029615,
0.00014477,
0.00013986,
9.39E-06,
6.98E-06,
4.73E-07,
-1.78E-05,
-4.00E-05,
-7.42E-05,
-0.00038753,
-0.0024381,
-0.0034381,
-0.0032982,
-0.0020281,
-0.00095483,
-0.00069469,
-0.00068095,
-0.00011167,
-7.68E-05,
-9.88E-05,
-1.24E-05,
3.18E-07,
3.89E-07,
1.25E-05,
6.14E-05,
4.54E-05,
0.00024047,
0.00024772,
0.00021724,
0.00020517,
0.00037891,
0.00041042,
0.00030501,
0.00037963,
0.000476,
0.00023581,
0.0021711,
0.0017198,
0.0047344,
0.00086929,
0.001213,
0.0010441,
0.00097332,
0.00018364,
-1.76E-06,
0.00038783,
0.00047528,
3.25E-07,
0.00074716,
-1.06E-05,
4.43E-05,
-0.0070734,
-7.42E-07,
-5.08E-05,
-0.020175,
5.67E-05,
-0.0042278,
0.00022879,
-0.11451,
-9.98E-05,
0.027926,
0.037537,
-0.033287,
-0.040142,
4.72E-05,
-0.0096894,
-0.038821,
0.024192,
-0.0020787,
0.0055621,
4.35E-06,
-0.019738,
-0.037195,
-0.0029997,
-0.046475,
0.0062382,
-0.050633,
0.0024804,
0.017363,
0.018887,
0.0049527,
0.0044101,
0.002281,
0.00056967,
0.001037,
1.69E-05,
0.00039087,
-0.00083569,
-0.02701,
-0.0007409,
0.0024752,
1.43E-05,
-2.43E-06,
-1.42E-06,
0.025882,
-0.0016097,
0.00077287,
-0.0018093,
-0.002051,
-0.010946,
-0.00035434,
0.0039981,
-0.0058165,
-0.0027301,
0.0032336,
-8.04E-05,
2.14E-06,
0.0075899,
0.0012352,
-5.66E-06,
-1.25E-05,
3.22E-06,
3.52E-06,
-0.012513,
7.98E-06,
4.58E-06,
3.44E-06,
-0.0040381,
4.35E-05,
0.00025413,
0.00060019,
-8.88E-05,
1.04E-05,
-0.0004171,
-1.72E-05,
4.27E-05,
-2.24E-05,
-1.16E-05,
0.00015234,
0.00033376,
1.72E-06,
-7.25E-05,
-7.48E-05,
0.0001248,
-2.08E-05,
-0.00032178,
-3.51E-07,
4.57E-06,
-5.97E-05,
4.16E-07,
-0.00035498,
-5.59E-08,
-9.75E-05,
-2.46E-05,
-0.00032235,
-4.97E-05,
-1.53E-07,
0.00011772,
-3.77E-08,
-1.11E-05,
-3.75E-07,
-3.10E-09,
-2.96E-05,
7.71E-09,
-9.97E-06,
-5.20E-06,
-2.62E-07,
-4.20E-06,
-1.22E-06,
-2.81E-05,
5.29E-05,
-6.44E-06,
-8.41E-05,
-5.84E-05,
-1.66E-08,
-3.73E-06,
-1.87E-05,
-3.28E-05,
-6.24E-08,
1.49E-06,
-2.61E-06,
-2.61E-05,
-1.90E-07,
1.09E-08,
-0.00018891,
-6.11E-07,
-7.64E-05,
-9.79E-06,
8.51E-08,
-1.51E-06,
1.94E-08,
-2.85E-07,
-1.10E-06,
-1.49E-08,
-1.97E-05,
-6.55E-06,
6.03E-08,
1.31E-07,
-6.87E-07,
-4.35E-05,
-0.00010416,
-1.27E-06,
1.03E-05,
-5.42E-09,
-2.41E-08,
-8.10E-06,
-2.19E-05,
-2.10E-07,
-5.84E-06,
-0.012389,
-0.00068078,
-0.0020005,
-0.0050998,
1.25E-05,
0.0022903,
-0.00037361,
0.00018934,
-0.00025363,
0.0022533,
-4.75E-06,
-8.06E-06,
0.0024119,
-0.00061873,
-0.001465,
-0.0053461,
-0.00064562,
-0.00017043,
-0.00041038,
-0.00074503,
-0.00016005,
-0.014183,
0.00017658,
-0.086604,
0.0030168,
-0.029087,
0.02294,
-0.013923,
-4.62E-05,
-9.26E-05,
-0.011489,
-0.043442,
0.013304,
-0.00069648,
0.0003199,
-0.0019432,
-0.039402,
-0.032854,
-0.0031443,
-0.033881,
0.050691,
-0.022036,
-0.01046,
0.0060584,
0.033482,
5.77E-07,
0.00082398,
7.68E-06,
-2.20E-05,
0.0012382,
-0.012929,
0.0031354,
7.16E-05,
-0.0044921,
-0.0020336,
0.029767,
-0.00012386,
0.0013166,
1.66E-05,
0.029764,
0.0011313,
-6.55E-07,
-3.69E-05,
-0.00050845,
-0.0062694,
-0.0069707,
0.011031,
-0.002085,
-0.00045028,
0.0039461,
8.17E-08,
0.00011673,
0.00023007,
4.47E-06,
-0.00096272,
-0.0023383,
0.00046981,
3.93E-05,
-0.0020306,
-3.01E-06,
-7.77E-07,
0.0050602,
-0.0094565,
0.005709,
0.0046273,
-1.77E-05,
8.68E-07,
-0.0002741,
-8.31E-08,
-6.32E-05,
-2.05E-05,
5.90E-05,
-2.57E-05,
-1.81E-06,
-1.31E-06,
-0.00032992,
-0.00021139,
-0.002392,
0.00016492,
9.55E-07,
3.18E-06,
0.00010943,
0.00071801,
6.55E-05,
0.00048901,
3.33E-06,
5.90E-05,
4.27E-05,
0.00061709,
0.00034987,
4.10E-05,
-2.66E-06,
-3.18E-06,
-3.72E-06,
-0.00022798,
-0.00048253,
-0.0022008,
-0.0023622,
-0.0020451,
-0.0064667,
-0.006061,
-0.004218,
-0.0030481,
-0.027329,
-0.00051642,
-0.0034817,
-0.019551,
-6.02E-05,
-0.0023186,
-0.0019676,
0.0033752,
-2.07E-05,
-1.07E-08,
7.17E-05,
0.0015336,
0.0039209,
0.00088392,
0.00012651,
4.18E-05,
0.0022217,
0.0028747,
0.0016771,
1.24E-05,
-2.50E-05,
1.82E-05,
-0.00020958,
2.27E-05,
-0.00011334,
-0.00027612,
1.14E-05,
-0.0065697,
-4.14E-06,
-0.0069137,
-0.00041511,
0.0021502,
-0.048841,
-0.16272,
-0.26162,
-0.011256,
-0.0047513,
-0.0032886,
-0.069568,
0.014351,
3.05E-05,
0.017624,
-4.83E-05,
-0.001415,
-0.0013761,
-0.0036497,
-0.012793,
-0.0010448,
-0.0017379,
-0.00023287,
2.87E-05,
9.77E-05,
0.017264,
-0.030991,
0.10024,
-0.050564,
-4.27E-05,
-0.040857,
-0.00013628,
-0.0060236,
-4.37E-05,
-5.14E-05,
-0.029564,
0.0076301,
-0.40781,
0.0003256,
-0.020972,
0.00058562,
-0.054863,
0.047462,
0.0038567,
0.00029761,
-2.09E-05,
0.013702,
-0.00016101,
-8.77E-05,
-0.0088746,
-0.014783,
-0.017138,
-8.26E-05,
-0.10874,
0.061956,
-1.15E-05,
-0.0014289,
0.0049132,
0.036572,
0.00012214,
-0.001273,
-0.00022188,
-0.00041175,
0.00090464,
-0.023162,
0.0052104,
-0.00048726,
-0.0013535,
-0.010995,
0.017998,
-8.84E-05,
1.05E-06,
-5.42E-05,
0.061591,
7.49E-06,
-0.00011936,
0.00037522,
-0.0004518,
-0.0012302,
-0.010323,
0.0039999,
0.00022465,
-0.00085171,
0.0031751,
0.0071327,
3.93E-06,
3.50E-05,
1.12E-05,
-0.00097117,
-0.0015548,
2.37E-09,
0.00020652,
-0.0020023,
-0.00039028,
1.88E-05,
0.00072207,
-0.028794,
-0.0016974,
8.25E-08,
-0.0074562,
0.001828,
-0.00033882,
0.024252,
0.00056395,
0.000277,
0.0059768,
0.00072972,
-0.0015185,
-7.01E-05,
-0.0045824,
-0.0002201,
-0.001089,
0.0040892,
-2.44E-07,
-2.13E-06,
-0.00054535,
-0.00054052,
0.00075132,
1.26E-09,
4.01E-05,
-0.0010379,
8.61E-06,
1.62E-05,
-0.00031534,
0.00057163,
-2.62E-05,
1.60E-06,
0.0002235,
-9.84E-06,
3.37E-05,
4.74E-08,
-6.86E-05,
-2.11E-06,
-1.21E-05,
-0.00016496,
-2.57E-07,
2.94E-06,
-3.78E-06,
0.00018738,
-8.25E-07,
-0.00028138,
-7.39E-06,
-2.75E-05,
-2.29E-09,
-1.20E-06,
-9.72E-06,
3.00E-08,
-2.44E-05,
-1.97E-05,
-5.88E-06,
-5.92E-08,
8.61E-06,
-1.41E-06,
-5.78E-06,
-3.92E-05,
2.09E-07,
1.44E-08,
-2.94E-06,
-7.39E-08,
-4.75E-07,
-2.53E-06,
-9.70E-06,
-5.75E-06,
8.48E-08,
-2.48E-06,
-8.38E-08,
-4.36E-08,
-1.05E-05,
0.0075,
-0.031556,
-0.0032598,
-0.0032019,
-3.63E-06,
-0.0013318,
-0.021269,
-0.00079095,
-5.26E-05,
0.0036541,
0.00031202,
0.018557,
5.33E-07,
-1.02E-08,
1.08E-06,
-0.0011602,
-0.0019807,
-1.21E-05,
2.66E-05,
7.13E-05,
2.08E-06,
0.11644,
0.01589,
0.067558,
0.0010756,
0.049536,
0.00082852,
0.0011359,
2.12E-05,
-9.09E-06,
-2.07E-08,
0.0024596,
0.075101,
-0.022696,
0.0064792,
-0.024804,
-2.91E-06,
0.00014491,
0.060083,
0.037095,
0.0048387,
-0.00036311,
0.016056,
0.00054391,
-0.0097346,
-0.0045296,
-2.06E-05,
-0.00055509,
0.0061834,
-0.080087,
0.053003,
0.030358,
-0.015732,
0.0014723,
0.0005608,
3.49E-05,
-0.018358,
-0.022794,
1.03E-06,
0.0020552,
-0.043532,
5.97E-05,
-0.0019504,
0.0030793,
-0.0049015,
0.00048048,
0.00053759,
-0.00040748,
-0.0059549,
0.10986,
-0.0063412,
0.0012253,
-2.75E-06,
4.38E-09,
-0.0058285,
-0.00040153,
-0.0074748,
0.036899,
-0.00027614,
-0.0014526,
0.060713,
0.00088824,
-0.0026125,
-0.0010836,
0.00027945,
0.0038694,
0.0013457,
0.00061058,
-0.00050478,
-0.024263,
-7.53E-05,
-0.00076027,
-0.00014005,
0.0048088,
0.015705,
0.0035179,
-0.018642,
-0.029814,
0.029686,
1.12E-06,
-0.02127,
0.056003,
-0.0088887,
0.018802,
-0.021672,
0.015003,
-0.0066775,
-0.015869,
0.017684,
-0.00013139,
-0.080246,
-0.042266,
-0.003263,
-0.00015264,
-0.0010352,
-0.0033273,
-0.032509,
-0.014314,
6.22E-05,
0.00050097,
-0.016051,
0.0044231,
-0.0033917,
0.0081671,
-0.0038299,
0.016487,
0.0057545,
-0.00051812,
-0.00034949,
6.24E-05,
0.00034574,
8.61E-07,
-3.48E-05,
0.00020297,
0.020787,
0.00047874,
6.68E-07,
0.0010695,
-7.92E-05,
-8.60E-05,
5.47E-05,
-0.00012168,
-0.00019798,
-0.00057694,
-0.0010421,
-0.00033096,
-0.00028768,
-0.0039111,
-0.0015886,
-0.003225,
-0.0011756,
-0.0019412,
-0.00087729,
-0.00051169,
-0.00018155,
-3.05E-06,
5.20E-06,
1.87E-05,
4.78E-05,
0.00016018,
1.15E-05,
6.74E-05,
0.00026927,
0.00032482,
0.00029064,
0.00049441,
8.40E-05,
4.73E-05,
1.65E-05,
3.00E-06,
-3.75E-05,
-0.00013494,
-0.00013277,
-0.001488,
-0.00097187,
1.08E-05,
0.00012418,
-1.20E-05,
1.34E-05,
9.08E-07,
-2.62E-06,
-7.65E-05,
-0.00017194,
-3.36E-06,
-3.67E-05,
0.0023607,
0.024753,
0.0051421,
0.0050943,
0.0025855,
0.0078276,
0.0011,
-0.00072042,
0.00059456,
-0.0032574,
0.18912,
6.58E-06,
0.041455,
-0.021996,
-0.00068807,
-0.00047996,
0.056063,
0.025135,
0.022439,
0.0099405,
-0.025292,
0.045045,
0.020232,
4.11E-05,
-0.055523,
0.020959,
-0.015407,
0.29723,
-0.3356,
0.069846,
4.52E-06,
-3.46E-05,
-0.098759,
0.059838,
-0.089978,
-5.44E-07,
-0.25461,
0.00079652,
-0.00058986,
-0.0088257,
0.00099304,
3.99E-05,
0.0012159,
1.09E-07,
0.0010409,
0.000195,
0.011793,
0.0025727,
0.034795,
0.0024149,
0.0033867,
-0.010887,
0.0050756,
-0.0023962,
4.38E-05,
-0.050102,
0.088304,
-0.01553,
0.019226,
-0.00012887,
0.010528,
-0.023034,
0.053795,
-0.027753,
0.064762,
-0.044649,
0.20661,
-5.06E-05,
0.021464,
2.97E-06,
0.014134,
5.14E-05,
0.0040109,
0.017334,
0.00035814,
0.009078,
-0.00077861,
0.036467,
-0.00075436,
0.015671,
1.28E-05,
0.079012,
0.00070111,
-0.033497,
-0.008276,
0.026752,
0.02807,
-3.66E-07,
-0.0055938,
-0.011181,
0.0075253,
0.061885,
0.0050779,
-0.029239,
-0.0048597,
0.00088287,
0.12378,
0.0073292,
-0.018137,
-0.0016603,
0.00014334,
0.057791,
0.01385,
-0.0085518,
-0.0035181,
-0.00027967,
0.05006,
0.03274,
-0.010852,
-0.0095732,
-0.0015467,
0.053234,
0.097233,
-1.45E-06,
-0.011337,
-0.0035991,
0.019531,
0.04449,
1.34E-05,
-0.017427,
-0.0010578,
0.0089081,
0.081263,
0.00091476,
-0.02867,
-0.0031109,
0.0023411,
0.10125,
0.0024415,
-0.01639,
-0.001137,
0.00025276,
0.10557,
0.00066842,
-0.0069175,
-0.023189,
6.41E-05,
0.091085,
0.0067692,
-0.0035701,
-0.0168,
-0.00027445,
0.088585,
0.024836,
-0.0025072,
-0.018384,
-5.80E-06,
0.014312,
0.054109,
-0.0025457,
-0.01039,
-0.00035403,
0.010385,
0.097144,
-0.00044158,
-0.011273,
-0.0037145,
0.014627,
0.054926,
8.22E-05,
-0.015853,
-0.0040655,
0.0032083,
0.061335,
0.0021243,
-0.0074869,
-0.0049972,
0.0031453,
0.03061,
0.022598,
-0.026264,
-0.0054663,
1.75E-05,
0.054172,
0.21137,
-0.014387,
0.0029196,
0.015924,
-0.01476,
0.00023358,
0.015976,
-0.034642,
0.0037137,
0.031233,
-0.022523,
0.012586,
0.018467,
-0.010393,
0.048668,
-8.53E-07,
-0.0035171,
0.089772,
-0.014038,
-0.0004534,
0.080802,
-0.013262,
-0.00014144,
0.093093,
-0.022207,
6.98E-05,
0.039765,
-0.018418,
0.0045821,
0.027444,
-0.013193,
0.014319,
0.00029049,
-0.0068829,
0.035736,
-0.0022486,
-0.00094008,
0.046857,
-0.013144,
3.73E-05,
0.029019,
-0.047041,
0.0061951,
0.012325,
-0.019254,
0.015094,
0.0011421,
-0.015662,
0.047133,
-2.34E-05,
-0.0032967,
0.11943,
-0.016803,
8.88E-05,
0.10075,
-0.020167,
0.00011732,
0.07434,
-0.022154,
5.02E-05,
0.025967,
-0.016973,
0.0013328,
0.039679,
-0.016411,
0.012888,
0.00012235,
-0.012332,
0.051147,
-0.014119,
-2.86E-05,
0.14462,
-0.022992,
0.0053988,
0.00025629,
0.00037707,
0.00019392,
2.07E-06,
-6.91E-05,
-6.31E-05,
-0.0012129,
-0.0036367,
-0.0049179,
-0.0046478,
-0.009515,
-0.0051356,
-0.002407,
-0.003288,
-0.0065975,
-0.0043988,
-0.0011861,
-0.0029182,
-0.00043201,
-2.89E-05,
0.00017959,
0.004804,
0.0093577,
0.020318,
0.036764,
0.039401,
0.054053,
0.060985,
0.044312,
0.023036,
0.021852,
0.022892,
0.022698,
0.022676,
0.013876,
0.0061735,
0.0017361,
0.0026304,
0.0003816,
7.99E-06,
0.00057238,
4.16E-05,
5.64E-06,
5.09E-06,
-6.79E-05,
-0.0030816,
-0.0083884,
-0.028958,
-0.023146,
-0.026938,
-0.023842,
-0.026426,
-0.019941,
-0.0097936,
-0.0063548,
-0.0014389,
-8.64E-07,
0.00016445,
0.0013407,
0.011561,
0.020663,
0.031744,
0.048442,
0.048703,
0.05682,
0.057546,
0.0509,
0.033287,
0.019049,
0.015253,
0.00096062,
0.00050093,
-0.00018342,
-0.00027949,
-0.00075887,
-0.0024035,
-0.0028725,
-0.0093033,
-0.0054053,
-0.011339,
-0.035006,
-0.027108,
-0.017915,
-0.01885,
-0.0098397,
-0.018621,
-0.01303,
-0.018114,
-0.020791,
-0.015228,
0.011362,
-0.016765,
0.0072214,
-0.061586,
0.012551,
-0.046499,
0.033325,
-0.061382,
0.02987,
-0.045323,
0.021092,
-0.01457,
0.02466,
-0.0060627,
0.0097046,
-0.0010764,
0.0025492,
2.21E-05,
0.0012058,
0.0034161,
9.22E-05,
0.0031227,
-0.00031433,
0.01307,
-0.001749,
0.019959,
-0.0099978,
0.017477,
-0.02216,
0.045196,
-0.047261,
0.040189,
-0.047918,
0.011893,
-0.044883,
0.0082013,
-0.069496,
0.0093742,
-0.025781,
0.0063273,
-0.014754,
0.00096127,
-0.00076151,
0.00010103,
-0.00051505,
-1.85E-05,
0.00079219,
-2.44E-05,
0.0031239,
-2.29E-05,
0.023344,
-0.0027482,
0.041268,
-0.014065,
0.028832,
-0.050802,
0.025148,
-0.040247,
0.0038828,
-0.069247,
0.014117,
-0.093532,
0.0044242,
-0.075825,
0.0052929,
-0.04661,
0.0082093,
-0.023927,
0.0071482,
-0.006335,
0.0014559,
2.82E-06,
0.00045885,
-0.0094087,
0.017955,
0.049078,
1.71E-07,
-0.029429,
-0.0078154,
0.006459,
0.052776,
6.58E-05,
-0.028315,
-0.010344,
0.0016832,
0.087965,
0.0012381,
-0.03468,
-0.0038861,
3.50E-06,
0.080308,
0.00045068,
-0.013199,
-0.0089899,
-0.00016093,
0.09214,
0.012165,
-0.019902,
-0.012905,
-0.0021807,
0.051817,
0.066082,
-0.018481,
-0.015018,
-0.0012683,
0.015155,
0.046843,
-0.00096064,
-0.014139,
-0.0043906,
0.0061213,
0.071813,
-0.00057023,
-0.020193,
-0.0092655,
0.0048489,
0.097252,
-3.17E-06,
-0.031523,
-0.0054562,
0.00020762,
0.087467,
0.00072203,
-0.031932,
-0.014568,
-1.67E-05,
0.094389,
0.0060157,
-0.039304,
-0.0061709,
-0.0029404,
0.09227,
0.024931,
-0.037198,
-0.0027438,
-0.0020734,
0.028527,
0.023565,
-0.014836,
-0.010037,
-0.0035225,
0.029058,
0.067543,
-0.0071801,
-0.011685,
-0.0022607,
0.019036,
0.031631,
1.40E-05,
-0.034072,
-0.0026108,
0.0035849,
0.058341,
0.00040877,
-0.027736,
-0.0037555,
3.98E-05,
0.063815,
0.0014015,
-0.040414,
-0.0047433,
-4.83E-05,
0.078125,
0.013332,
-0.0045251,
-1.13E-05,
-0.0040684,
0.0079191,
0.0013535,
-0.0083517,
0.026496,
-0.0048277,
-0.0014599,
0.039398,
-0.037122,
-2.08E-06,
0.049526,
-0.080745,
2.46E-05,
0.043205,
-0.063408,
0.0053083,
0.026056,
-0.052478,
0.015671,
8.57E-06,
-0.0047231,
0.033605,
-0.0045101,
-0.00029552,
0.020284,
-0.024168,
-2.44E-05,
0.012277,
-0.039187,
2.65E-06,
0.013402,
-0.031233,
0.0018388,
0.0089235,
-0.0075161,
0.0046491,
0.001388,
-0.0057086,
0.0099103,
-0.00049657,
-2.99E-06,
0.014555,
-0.012736,
2.36E-05,
0.044828,
-0.036126,
0.00016145,
0.041876,
-0.058189,
2.08E-05,
0.031542,
-0.075973,
0.0055102,
0.003781,
-0.045259,
0.021419,
-0.0068886,
-0.0017865,
0.050573,
-0.03127,
-2.10E-05,
0.057844,
-0.090249,
2.94E-05,
0.059341,
-0.039405,
0.0040243,
0.028241,
-0.02668,
0.0027378,
-5.23E-05,
0.032703,
0.047061,
0.030461,
0.0093824,
0.0012071,
0.00025128,
0.00011816,
-0.00013694,
-0.00039381,
-0.0010482,
-0.0065623,
-0.0099585,
-0.015033,
-0.027181,
-0.025896,
-0.0079478,
-0.0070748,
-0.0023445,
-0.0012004,
-0.0064137,
-0.0075938,
-0.010132,
-0.012177,
-0.013837,
-0.0080606,
-0.0021245,
-0.0013497,
-1.85E-05,
0.00045065,
0.00247,
0.00089811,
0.011769,
0.0080984,
0.011638,
0.011328,
0.013204,
0.023368,
0.020826,
0.015628,
0.013662,
0.0073056,
0.0065613,
0.00064827,
5.03E-05,
-2.38E-05,
-0.002411,
-1.03E-05,
5.92E-07,
8.89E-06,
-3.04E-06,
2.35E-07,
-0.00078797,
-0.0044226,
-0.0046159,
-0.0066414,
-0.012116,
-0.01006,
-0.012032,
-0.013947,
-0.0088498,
-0.011273,
-0.0038727,
-0.0041187,
-0.0049992,
-0.0024853,
-0.00068562,
-1.28E-05,
6.51E-05,
0.00078329,
0.0052329,
0.015288,
0.065808,
0.046974,
0.054464,
0.043279,
0.040084,
0.025318,
0.037061,
0.026374,
0.018266,
0.0065465,
0.0035127,
0.00056889,
0.00015749,
-5.53E-05,
-0.0010143,
-0.0033005,
-0.0054813,
-0.0090959,
-0.018612,
-0.001739,
-0.014068,
0.0026091,
4.76E-05,
0.017308,
0.033873,
6.45E-06,
-0.00032741,
0.034315,
0.0050056,
0.01344,
0.0020753,
0.00013675,
-0.0081216,
0.00084459,
0.021939,
0.00016781,
-0.00011578,
-0.0048783,
-0.00021884,
0.020418,
3.49E-05,
-0.18542,
-0.005577,
0.0080855,
-0.0078921,
-0.00024688,
0.010043,
-0.042627,
-6.08E-07,
0.022593,
-0.0016188,
0.0049471,
-0.019388,
0.005842,
0.001879,
-0.0031573,
0.00080903,
-0.036201,
-0.0010347,
0.010502,
-0.088022,
0.0078875,
0.36372,
-0.097887,
6.27E-06,
-1.84E-05,
0.0052504,
0.0021938,
-0.017858,
0.0014628,
0.00075831,
-0.03761,
-2.58E-07,
1.36E-06,
-0.00012973,
-0.00081734,
0.000506,
-5.14E-05,
-0.00024774,
0.00066767,
-4.74E-05,
0.00051804,
-0.17864,
-0.0016723,
0.26289,
-0.030332,
-0.090273,
-0.0019858,
0.0013511,
-9.58E-08,
-0.020403,
0.010603,
0.0041407,
-0.00018718,
-0.039176,
0.042456,
0.0093621,
-0.0033462,
-0.06993,
0.00072172,
0.018557,
0.00045498,
-0.021434,
0.0050468,
-0.015628,
0.031461,
0.00049953,
-0.0046258,
3.27E-05,
0.015563,
0.003049,
-0.00040498,
-0.007776,
-0.0014048,
0.019889,
0.003054,
0.00022936,
-0.0058345,
-0.0066376,
0.00075709,
-0.00035843,
0.00023508,
-0.0010915,
-0.21027,
-0.0001259,
0.032912,
-0.00013155,
-0.010431,
-0.00024271,
-0.01771,
-0.0033018,
-0.0015557,
-0.00054982,
0.0024318,
0.015372,
0.012911,
0.011741,
0.0023133,
0.00079222,
-2.28E-05,
-0.0093177,
-0.020121,
-0.028791,
-0.06649,
0.00557,
-0.13824,
-0.095046,
-1.40E-05,
0.0029535,
0.001727,
3.86E-08,
0.0024717,
0.0011129,
0.0027764,
0.00017467,
0.00024544,
0.00025329,
-8.36E-06,
-0.00010238,
-3.37E-05,
-0.0022697,
-0.0028824,
-0.00048553,
-0.002458,
-0.092432,
0.0014356,
0.080362,
0.0098828,
-0.003332,
7.32E-05,
0.0023725,
0.003534,
0.0083866,
-0.00012369,
-0.00012005,
-0.01191,
-0.058507,
-0.0026427,
-0.00080399,
0.0029252,
0.0059308,
0.0030399,
0.0077857,
-0.0010382,
-0.013778,
0.033732,
-0.20443,
-0.0019534,
0.0076336,
3.94E-05,
-0.00053636,
6.90E-05,
-0.00046105,
-1.37E-05,
0.022862,
0.00051161,
-0.0054308,
-8.80E-05,
-0.00063159,
0.00010843,
0.00080628,
-0.0049922,
0.00091034,
-4.72E-07,
-0.0027555,
-0.057496,
0.018708,
0.037991,
-0.0083386,
-0.076403,
-0.00026493,
0.014886,
-4.40E-05,
-0.045388,
0.0022047,
0.01929,
-0.0012326,
-0.013981,
0.0066051,
0.00072306,
-0.01491,
3.86E-05,
0.00038434,
-0.0017461,
-5.82E-06,
0.0032953,
0.0001277,
-0.015031,
-0.011377,
-0.026917,
0.0060449,
1.99E-06,
-0.0012376,
-1.44E-05,
-0.0061836,
0.00074993,
0.00027892,
-2.65E-05,
0.0025853,
-0.00033394,
0.0069504,
-0.0044246,
2.50E-05,
0.0047403,
-0.042772,
0.028889,
-0.023408,
0.00064286,
0.043123,
0.00029675,
-0.0042938,
-0.013257,
5.20E-07,
-0.0049228,
0.008655,
-8.12E-05,
0.0011799,
4.20E-05,
0.0024252,
-3.19E-05,
0.0064048,
0.0015933,
0.0047179,
0.001628,
0.0010396,
0.0048466,
4.77E-05,
0.13931,
-0.12016,
-0.0011934,
0.0023102,
0.01389,
0.00073165,
-0.0021145,
0.015806,
-0.031193,
0.00013818,
1.71E-05,
-0.064134,
0.0051687,
-0.015738,
-7.44E-05,
6.85E-06,
-0.057663,
3.36E-05,
-0.009578,
-0.023884,
0.0087293,
0.00014557,
0.0021582,
0.002506,
-0.010734,
1.89E-05,
0.00070652,
-0.00011167,
0.00013911,
-1.13E-06,
-5.73E-05,
0.00058903,
-3.55E-07,
-0.0040865,
0.00045933,
0.0093759,
-0.0051639,
-0.015679,
0.00093197,
0.014374,
5.25E-07,
-0.075284,
-0.00022588,
-5.61E-05,
-2.48E-05,
-0.00019301,
-0.0077864,
-0.00025322,
0.0059973,
2.62E-05,
-0.0046664,
-0.027992,
-0.0034618,
-0.00010254,
-0.00048232,
-0.00022976,
-0.00040396,
-0.00017412,
-5.45E-05,
-5.52E-05,
-0.00040136,
0.0046602,
-0.008291,
-0.00045364,
3.39E-05,
-0.00092108,
-0.0010328,
0.0014968,
0.033073,
0.024923,
0.040612,
0.040371,
0.0042438,
0.0090345,
0.0022168,
0.0016624,
0.00097816,
0.00080368,
0.00070417,
0.00053373,
0.0014302,
0.00034515,
0.08752,
-0.15229,
-0.00053864,
-0.046634,
0.0061835,
-0.017515,
6.96E-07,
-0.016757,
0.001835,
0.028137,
-0.00049294,
0.13154,
0.0035063,
-0.0071566,
-0.0049205,
0.00043179,
-0.026494,
0.010469,
-0.00011837,
0.0069501,
-0.00012044,
1.37E-05,
-0.011424,
0.004914,
-0.022473,
2.47E-06,
-0.083772,
0.034863,
-0.028548,
-0.00030452,
-0.0013567,
0.0018406,
-0.00049413,
-0.010452,
0.0008683,
0.033933,
-2.35E-05,
-0.0070436,
0.0042892,
0.00059688,
0.0016986,
0.0011193,
-2.04E-05,
-0.05153,
0.0012523,
0.00023408,
0.0016384,
-0.045711,
0.0033996,
-0.010404,
0.0037253,
-0.02152,
0.084616,
-0.026605,
0.0036422,
-0.00073368,
-7.63E-06,
0.00079256,
-0.0034492,
0.010493,
-0.00076902,
0.11638,
-0.0013648,
0.0054283,
0.00073854,
-0.00064662,
-0.00049644,
0.0077226,
-0.0043487,
0.018725,
-4.54E-05,
-0.0057776,
-0.0084038,
0.012659,
0.0013016,
-0.0054908,
-0.00093659,
-0.0045736,
0.053697,
0.0090518,
-0.0065762,
-0.00075292,
-0.0007032,
-8.97E-05,
5.50E-05,
-0.0022649,
-0.00010939,
-8.79E-06,
-0.00015254,
0.028127,
0.00014121,
-0.021377,
0.001521,
7.18E-09,
0.013855,
-0.0018431,
-0.0060323,
-8.22E-06,
0.0002801,
0.00077663,
0.0002234,
-2.47E-07,
0.036011,
-0.0050176,
0.0018097,
0.00036998,
-0.002213,
-0.0026724,
-0.003271,
-4.92E-07,
5.56E-05,
1.76E-07,
-0.00028529,
-0.10433,
1.71E-05,
0.0079318,
0.00040296,
-0.0015691,
-0.0021497,
0.0012013,
0.00029892,
-0.00084996,
-0.027196,
-0.00061871,
-0.0073815,
0.0074761,
0.046123,
-1.72E-06,
-0.0095366,
-1.79E-05,
0.0067123,
0.016035,
6.70E-07,
1.29E-06,
-0.0058964,
0.00046065,
0.00045304,
0.003887,
0.00052424,
-4.74E-05,
6.43E-05,
0.00086087,
4.27E-06,
0.00090224,
-0.0025455,
-4.90E-05,
0.0012405,
0.013514,
0.0047184,
-0.0088945,
-0.0082984,
-1.36E-05,
0.0012083,
-0.0014483,
-0.16333,
0.00066523,
0.00092212,
0.0010738,
-2.56E-06,
0.00011847,
-0.0072778,
-0.0017679,
-6.18E-06,
-0.00057735,
0.00070133,
-0.00015922,
-0.00041669,
4.72E-05,
0.05382,
-0.0038999,
-0.057414,
-0.018056,
-0.00025166,
0.024852,
0.060563,
0.060239,
-0.00037128,
0.00072845,
-0.029451,
-0.15211,
-0.032449,
-0.0079246,
0.00016602,
-0.11914,
0.0042269,
-0.0157,
0.019952,
0.027646,
0.0012831,
0.00036447,
0.00070211,
-0.011724,
-0.028532,
0.030287,
0.0042915,
-0.055994,
0.0049001,
0.0030917,
-0.019753,
-0.012571,
0.0049937,
-0.14946,
0.03514,
0.00027028,
-0.016981,
0.0017895,
-0.0034308,
0.0022822,
0.0011152,
-0.014322,
-0.00051116,
0.0015847,
-0.013458,
0.0032667,
3.15E-05,
2.83E-05,
-0.029544,
0.0028423,
0.020866,
0.0070224,
-0.0092861,
-3.14E-05,
-0.0032712,
-0.0035739,
4.34E-06,
0.039092,
0.0020523,
0.0064989,
-3.97E-05,
-0.0050241,
0.0045917,
0.042431,
-0.012584,
0.013278,
-0.00065439,
-0.00017168,
-0.00010001,
0.0023505,
-0.022919,
0.0062955,
-0.00027158,
-0.024368,
-0.00010369,
0.023839,
0.020103,
0.0040271,
0.0056489,
0.0021458,
0.00046672,
0.00062143,
-0.0026305,
-0.00027995,
0.008292,
4.76E-06,
2.27E-05,
-0.00020817,
-0.0040741,
-0.0015386,
0.0056212,
-0.0010671,
-9.87E-05,
-0.0019515,
-0.00023272,
-0.0028587,
0.00022523,
-1.64E-07,
-0.00028116,
-9.51E-05,
-0.00087102,
9.66E-05,
-0.00064606,
0.0162,
-8.00E-05,
-1.18E-06,
-6.76E-05,
-3.61E-06,
-6.12E-05,
0.0001486,
-9.28E-05,
6.72E-05,
-0.00046498,
-0.00013954,
9.70E-07,
-0.00062173,
-0.0032727,
-0.00031233,
-0.00015268,
7.38E-05,
-0.001347,
0.00031402,
-0.00017545,
-0.00030913,
4.77E-06,
-3.14E-05,
2.27E-05,
-0.00014684,
-2.08E-05,
4.48E-05,
-1.92E-05,
-6.52E-06,
-8.88E-07,
1.05E-06,
-1.05E-07,
-6.73E-06,
-1.76E-05,
-1.94E-07,
-1.40E-07,
-4.49E-06,
-0.017195,
0.013049,
-0.0011078,
-0.0018079,
1.40E-06,
-1.46E-06,
-9.96E-07,
-1.59E-06,
4.40E-07,
-2.55E-08,
-1.95E-06,
0.0001979,
-7.72E-06,
-5.25E-05,
-8.45E-06,
1.05E-05,
-0.00016726,
1.53E-06,
1.38E-07,
-1.19E-05,
-0.57969,
-0.68183,
0.35137,
-0.0013883,
-0.15496,
-0.0078313,
0.076303,
0.032155,
0.17075,
-0.0093212,
0.029415,
-0.026233,
0.066689,
-0.0040854,
0.041185,
-0.0062195,
0.0020291,
-0.0062375,
-2.99E-05,
-0.0017645,
-2.22E-05,
-0.50016,
-7.85E-06,
-0.11452,
0.11152,
0.09348,
-0.0026436,
-0.03515,
-0.15394,
0.0070135,
-0.0034615,
0.22693,
-0.0086585,
0.1045,
-0.024172,
0.1394,
-0.0090635,
0.13517,
-0.0059527,
0.093944,
-0.0015892,
-0.45465,
-0.63438,
0.3107,
-2.21E-05,
-0.2265,
-0.0053503,
0.0094022,
0.066968,
0.00018273,
-0.00026188,
-0.19848,
-1.42E-05,
-0.22443,
0.028277,
-0.12428,
0.072472,
-0.051595,
0.14113,
-0.040765,
0.1289,
-0.0035453,
-0.55331,
0.00046333,
-0.17005,
0.073537,
0.1283,
-0.0010647,
-0.04908,
-0.16039,
-0.00082593,
-0.00084733,
-0.012904,
1.02E-05,
0.054217,
0.0033636,
-0.00063189,
-0.048228,
-0.0085173,
0.069883,
0.011974,
8.16E-08,
-0.26592,
-0.48715,
0.29415,
0.00030694,
-0.23531,
-0.010985,
0.0021863,
0.096581,
0.054975,
0.00067896,
-0.020323,
-0.078528,
0.0013545,
0.045601,
0.0063995,
-0.0031474,
-0.072134,
0.00012725,
0.045992,
0.015985,
-0.0015789,
-0.70491,
0.0049889,
-0.20284,
0.07124,
0.09447,
-0.00014311,
-0.021727,
-0.0039602,
-2.02E-06,
0.00023332,
-0.0016707,
-0.0096919,
0.12825,
0.0277,
-0.0034096,
-0.02044,
-0.023741,
0.023818,
0.025145,
0.00010573,
-0.10504,
-0.31452,
0.20115,
0.0011778,
-0.16116,
-0.028907,
0.0027647,
0.075427,
0.091119,
0.0032033,
-0.020283,
-0.25964,
-0.00039444,
0.13299,
0.0033618,
-0.00046035,
-0.066703,
-0.00076066,
0.099647,
0.0018219,
-0.0013692,
-0.69117,
0.015388,
-0.24399,
0.033244,
0.065913,
7.03E-05,
-0.056258,
-0.0075428,
-2.96E-06,
0.00017158,
-0.00049317,
-0.0090754,
0.058102,
0.028349,
-0.00080308,
-0.010415,
-0.061985,
0.020582,
0.051974,
-0.00014926,
-0.022432,
-0.194,
0.16693,
0.0051225,
-0.17253,
-0.066084,
0.0038481,
0.086824,
0.010827,
0.041961,
-0.019586,
-0.079012,
0.11132,
-0.093269,
-0.014256,
0.23561,
-0.157,
-0.008523,
0.19979,
-0.13424,
-4.14E-05,
-0.74819,
0.044053,
-0.26454,
0.023845,
0.15123,
0.0058308,
-0.05392,
-0.10058,
0.0030594,
-0.027829,
0.00012083,
0.32536,
-0.059632,
-0.0043034,
0.0602,
-0.047665,
-7.83E-07,
0.038036,
-0.024527,
0.0019477,
-2.86E-05,
-0.10967,
0.11986,
0.022942,
-0.12173,
-0.040654,
8.69E-06,
0.041987,
0.20368,
-0.012931,
-0.036486,
0.046237,
-0.14886,
-0.0021061,
0.069842,
-0.043839,
0.0013319,
0.00093796,
-0.0037367,
0.028452,
9.61E-05,
-0.51107,
0.092762,
-0.37319,
0.011839,
0.24057,
0.0015665,
-0.021994,
-0.0080327,
-0.18313,
-0.00019753,
-0.00027344,
-0.0053779,
-0.0082859,
-0.012743,
-0.0034795,
-4.15E-06,
-1.75E-06,
0.00022982,
0.0020072,
0.0033045,
0.0075869,
-0.046134,
0.065503,
0.06058,
-0.14428,
-0.047859,
0.00054553,
0.068397,
0.12992,
0.036868,
0.0040682,
0.0025152,
0.0022201,
0.014936,
0.010243,
0.0032013,
3.67E-05,
-0.00044238,
-0.0051487,
-0.027908,
0.00027411,
-0.51129,
0.16299,
-0.35574,
0.0023084,
0.13265,
0.010229,
-0.041849,
-0.20966,
-0.10257,
-0.0017912,
0.0031398,
0.0045191,
0.0034771,
0.0028747,
0.004335,
0.0014082,
0.0038063,
0.0061281,
0.013309,
0.023682,
0.068588,
-0.0085804,
0.022768,
0.099081,
-0.093295,
-0.079117,
0.00013652,
0.1148,
0.21103,
0.057083,
0.0013328,
-0.0039614,
-0.002813,
-0.0045286,
-0.0067399,
-0.018136,
-0.032934,
-0.071444,
-0.076147,
-0.10435,
-6.41E-05,
-0.29369,
0.19864,
-0.32663,
3.68E-05,
0.15519,
0.012256,
-0.01993,
-0.090961,
-0.021352,
0.00012669,
0.028696,
0.039672,
0.022667,
0.0093971,
0.0080136,
0.015931,
0.0089535,
0.022172,
0.011637,
0.024502,
0.13452,
-0.00020281,
0.0058745,
0.11437,
-0.072142,
-0.094857,
-4.97E-06,
0.00442,
0.094272,
-0.0029669,
0.0095309,
-0.23578,
0.040974,
-0.10205,
0.21167,
-0.055177,
0.2284,
-0.049279,
0.21662,
-0.034595,
0.0026631,
-0.22578,
0.28142,
-0.41305,
-2.34E-05,
0.18023,
0.036792,
-0.0017907,
-0.074255,
-0.056165,
-0.039647,
0.0027633,
-0.0036403,
0.0071302,
-0.068072,
0.0058398,
-0.13846,
0.030295,
-0.14458,
0.083865,
-0.080348,
0.22234,
0.00060904,
0.00093397,
0.16294,
-0.034317,
-0.12081,
-1.75E-05,
0.009781,
0.18617,
0.0012113,
0.015683,
-0.02053,
0.00019644,
-0.005191,
-0.00013841,
-0.00040606,
-0.0069219,
7.82E-07,
-0.026489,
0.00041196,
-0.00017344,
-0.072177,
0.36276,
-0.3088,
-0.0012943,
0.24158,
0.041998,
0.00028791,
-0.12651,
0.0017387,
-0.011111,
0.00053216,
0.18331,
0.017635,
-0.00022397,
-0.04486,
-0.00078295,
0.060613,
0.0072118,
-1.26E-05,
-0.045985,
0.33279,
0.012867,
-4.73E-06,
0.24382,
-0.035405,
-0.1721,
-0.0014182,
0.016912,
0.0522,
0.00077078,
-0.039218,
0.00077331,
0.0090973,
0.0001945,
-0.0047131,
-0.099955,
0.0073157,
0.067581,
0.0016836,
-0.0019557,
-0.00077992,
-0.016372,
0.42765,
-0.27701,
-0.0047519,
0.098052,
0.03004,
0.0003114,
-0.0040509,
-0.041328,
-0.066536,
-0.0058382,
0.18281,
0.045218,
-0.00017377,
-0.048664,
-0.027615,
0.065549,
0.029,
6.70E-06,
-0.042061,
0.3093,
0.047152,
-0.00077113,
0.24326,
-0.019345,
-0.13447,
-0.0092241,
0.036539,
0.14042,
0.0021533,
-0.065567,
4.41E-05,
0.027563,
-0.00031785,
-5.94E-05,
-0.050497,
-2.73E-05,
0.12345,
0.00023677,
-0.00015121,
-0.0010806,
-0.0014101,
0.47469,
-0.20034,
-0.0093903,
0.097685,
0.041875,
0.0016681,
-0.0075202,
-0.038079,
-0.026586,
-0.014061,
0.14024,
0.039905,
-0.00018987,
-0.028674,
-0.066411,
0.029322,
0.039365,
2.59E-05,
-0.0094911,
0.25274,
0.12253,
-0.0071971,
0.23555,
-0.0038276,
-0.1652,
-0.015544,
0.020107,
0.003843,
0.0029603,
0.13668,
-0.13004,
-0.00091757,
0.028247,
-0.039034,
0.02401,
0.00072553,
-0.044974,
0.15119,
-0.031085,
-0.0050024,
0.0010814,
0.50612,
-0.17352,
-0.027378,
0.10447,
0.07172,
0.0021813,
-0.056943,
-0.11224,
0.00035867,
-0.010697,
0.026836,
0.0014875,
-0.0047483,
0.037326,
-0.012016,
-0.018742,
0.14622,
-0.06798,
-0.010896,
0.10116,
0.18009,
-0.03478,
0.28485,
-0.0016369,
-0.14392,
-0.013841,
-3.04E-07,
0.10376,
0.011103,
-0.0026948,
0.028694,
-0.037416,
-0.032995,
0.20714,
-0.053997,
-0.010473,
0.16071,
-0.074203,
-0.00067725,
0.0096466,
0.037688,
0.50949,
-0.11329,
-0.040577,
0.075296,
0.15548,
1.10E-05,
-0.001376,
-0.19372,
-0.074224,
-0.00013457,
-0.0027413,
-0.0010647,
-0.0093585,
-0.051973,
-0.035459,
-0.061694,
-0.051981,
-0.033178,
-0.023824,
0.024902,
0.29632,
-0.051921,
0.2919,
-0.00029255,
-0.12928,
-0.043391,
0.00077116,
0.08733,
0.071974,
0.012089,
0.0016313,
7.57E-06,
0.0040704,
0.01691,
0.048475,
0.041256,
0.061069,
0.053287,
0.062346,
0.0025392,
0.11497,
0.54757,
-0.068191,
-0.073812,
0.053207,
0.086079,
0.0023081,
-0.029628,
-0.097527,
-0.12624,
-0.050693,
-0.015465,
-0.022193,
-0.038239,
-0.08297,
-0.039045,
-0.022556,
-0.0078819,
-0.0043478,
-0.00072968,
4.35E-06,
0.0016886,
0.0015708,
0.00081391,
6.42E-05,
0.0018749,
0.006459,
0.011303,
0.018793,
0.028669,
0.024566,
0.014022,
0.025768,
0.026777,
0.032062,
0.029989,
0.025563,
0.013628,
0.0079541,
0.004077,
3.20E-05,
-1.62E-05,
-3.34E-06,
8.29E-05,
3.52E-05,
7.30E-05,
-1.18E-08,
4.25E-06,
1.81E-05,
2.24E-06,
5.48E-07,
0.11849,
0.16753,
-0.025602,
-0.039684,
6.15E-07,
0.01507,
0.044347,
0.0023907,
1.42E-05,
6.60E-05,
-0.0008446,
0.44731,
-0.16547,
0.3321,
0.00039288,
-0.088451,
-0.043617,
0.00019218,
0.011216,
0.038348,
-9.82E-09,
-0.00041354,
-0.015902,
-0.019423,
-2.07E-06,
-0.022195,
0.0044285,
-0.066645,
0.016203,
-0.15991,
0.0017103,
0.32039,
0.43112,
-0.0087203,
-0.10568,
0.010997,
0.16087,
0.0058826,
0.0014519,
-0.12671,
0.01405,
-0.009286,
0.081539,
-0.00085389,
0.015825,
-0.010461,
0.0031123,
-0.0034858,
5.52E-07,
-0.0012732,
-0.0090851,
-0.0202,
0.44933,
-0.17804,
0.22395,
0.003848,
-0.084583,
-0.07395,
-0.013136,
0.08345,
9.05E-07,
0.18458,
-0.039719,
0.12532,
-0.042352,
0.25429,
-0.0025615,
0.15312,
-0.0033076,
0.027655,
-0.004113,
0.0052901,
0.47457,
0.31965,
-0.0029867,
-0.16224,
0.0069666,
0.081888,
0.02088,
-0.015751,
-0.027695,
-0.33534,
0.0033438,
0.017503,
-3.60E-07,
-0.033199,
-6.46E-05,
0.053977,
0.0084487,
-0.00022018,
-0.057362,
-0.012741,
-0.064362,
0.52582,
-0.28551,
0.27847,
0.011765,
-0.076328,
-0.053792,
-0.00096778,
0.00013429,
-1.25E-05,
0.053532,
0.018228,
-5.07E-06,
-0.069044,
-0.062276,
0.013301,
0.057009,
0.0056164,
-0.027466,
-0.07859,
0.001597,
0.64378,
0.22399,
-0.00058885,
-0.17841,
0.0032727,
0.14527,
0.040817,
-0.00012607,
-0.16328,
-0.08367,
0.066849,
0.011557,
0.00041371,
-0.024973,
-0.040728,
0.043327,
0.01285,
2.14E-05,
-0.05008,
-0.011626,
-0.061912,
0.39348,
-0.24567,
0.18004,
0.025548,
-0.052487,
-0.075526,
-0.0072811,
0.00018212,
0.00014952,
0.037585,
0.043725,
-0.00012245,
-0.0089115,
-0.085026,
-1.72E-05,
0.094861,
5.39E-05,
-0.00033926,
-0.07254,
4.65E-07,
0.75087,
0.1193,
2.59E-05,
-0.20796,
0.00022096,
0.12513,
0.04464,
1.93E-06,
-0.1504,
-0.14529,
0.024094,
0.044451,
3.00E-06,
-0.0064359,
-0.034905,
0.014975,
0.02519,
-0.00053677,
-0.0046561,
-0.066063,
-0.074532,
0.30956,
-0.32537,
0.162,
0.03279,
-0.01356,
-0.072938,
-0.0010757,
0.00064847,
0.0042494,
0.24049,
-0.03361,
-0.052518,
0.14215,
-0.12889,
-0.015515,
0.14019,
-0.08739,
-0.00046542,
0.093435,
-0.037124,
0.75238,
0.057071,
0.00022297,
-0.1901,
-7.35E-07,
0.10787,
0.098025,
-0.0011919,
-0.032568,
0.013327,
-0.10852,
-0.0070083,
0.25101,
-0.045448,
-0.0028455,
0.069998,
-0.035604,
6.88E-05,
0.021007,
-0.011164,
-0.039066,
0.25599,
-0.33526,
0.13812,
0.053046,
-0.02004,
-0.081952,
-0.031393,
2.33E-05,
0.37281,
-0.00036263,
-0.00041329,
0.035059,
-0.14866,
-4.86E-05,
0.0083321,
-0.0078492,
0.011189,
-7.28E-05,
-0.015887,
0.03476,
0.63963,
0.01155,
0.0034118,
-0.27999,
-0.00020024,
0.12597,
0.025636,
0.00062837,
0.0036787,
-0.15487,
-0.0007182,
0.013289,
0.050533,
0.028788,
0.0080413,
0.0002985,
4.05E-06,
-0.00012107,
-0.00078424,
-0.0020585,
-0.020552,
0.23684,
-0.46412,
0.086188,
0.08824,
-0.021701,
-0.14872,
-0.058275,
-0.00018614,
0.00095226,
0.0022769,
-7.51E-07,
-0.0012049,
-0.00080703,
7.62E-06,
0.0021503,
0.0035082,
0.0041092,
0.0076287,
0.010236,
0.00089953,
0.47807,
0.0014274,
0.012813,
-0.30409,
-0.00064826,
0.0972,
0.091103,
0.011337,
-1.04E-09,
-8.96E-05,
0.00036853,
0.0053385,
0.010614,
0.0017735,
-3.73E-05,
-0.013554,
-0.026365,
-0.02498,
-0.044687,
-0.068111,
-0.0012264,
0.10269,
-0.40675,
0.076359,
0.13677,
-0.0086554,
-0.10319,
-0.040148,
-1.74E-05,
0.015789,
0.034242,
0.012428,
0.0003859,
0.00053314,
0.0011429,
0.0031619,
0.0069005,
0.0088106,
0.0077548,
0.0096355,
0.002078,
0.2142,
-0.00029117,
0.031437,
-0.19017,
-0.0035937,
0.045494,
0.067169,
0.0072198,
-0.0028354,
-0.037495,
-0.022688,
-0.0049701,
-0.0072467,
-0.014882,
-0.026791,
-0.074108,
-0.053162,
-0.067761,
-0.078186,
-0.050304,
-3.63E-05,
0.053233,
-0.38384,
0.029874,
0.11424,
-0.0036747,
-0.11306,
-0.012077,
-0.010872,
0.31148,
0.0014798,
0.14582,
-0.01973,
0.050688,
-0.027572,
0.038194,
-0.0081775,
0.012224,
-0.0041058,
0.0014405,
0.00059395,
0.10417,
-0.012563,
0.047967,
-0.24952,
-0.020401,
0.0447,
0.067793,
0.021878,
-0.051828,
-4.00E-05,
-0.086605,
0.092067,
-0.020388,
0.20476,
-0.02433,
0.19162,
-0.022954,
0.20927,
-0.0088007,
0.19261,
-4.32E-05,
0.014332,
-0.34787,
0.011796,
0.1618,
-0.00043581,
-0.11663,
-0.074828,
-0.00052291,
-0.00026656,
0.0064329,
-0.017242,
1.28E-06,
-0.22349,
0.001478,
-0.17777,
0.010791,
-0.030992,
0.097324,
-0.025641,
0.06276,
0.023064,
-0.04156,
0.087444,
-0.23792,
-0.031527,
0.037147,
0.088875,
0.068825,
-0.014256,
-0.00047714,
-0.00055342,
-0.0076282,
-0.03652,
3.45E-05,
0.070468,
0.0017627,
-0.00093349,
-0.049208,
-0.0028984,
0.095638,
0.00030755,
0.0010734,
-0.28283,
0.0024906,
0.2125,
3.43E-06,
-0.050102,
-0.063616,
-0.020095,
0.073908,
0.057033,
0.0056763,
-0.023471,
-0.058479,
0.0079309,
0.021312,
0.00063899,
-0.014542,
-0.085406,
0.010441,
0.020714,
0.00010328,
-0.091293,
0.14669,
-0.23652,
-0.02496,
0.0173,
0.0688,
0.00070293,
-0.0016669,
0.0045008,
-0.0084289,
-0.00046268,
-0.042092,
-0.0021956,
0.14983,
0.0048128,
-3.69E-06,
-0.066372,
-0.007034,
0.042029,
0.0019246,
-1.74E-05,
-0.24055,
0.00029008,
0.25126,
0.00037408,
-0.085936,
-0.15024,
-0.031342,
0.018431,
0.21972,
0.0014611,
-0.0050012,
-0.091282,
0.00041502,
0.075163,
-1.17E-05,
-0.00094536,
-0.062356,
-3.33E-06,
0.053372,
-0.0061099,
-0.13217,
0.18738,
-0.18044,
-0.037155,
0.013066,
0.087901,
0.0038152,
-0.0044152,
0.0064607,
-0.00023806,
-0.014248,
-0.01737,
-0.0062399,
0.091501,
0.017687,
-0.00065063,
-0.026017,
-0.065458,
0.047797,
0.00095697,
0.019495,
0.013002,
0.0036777,
-0.014028,
-0.0099888,
7.33E-05,
0.0022128,
0.13288,
-0.022881,
-0.046682,
6.63E-05,
-0.13684,
-2.27E-06,
0.001219,
-0.0049133,
0.18677,
0.00055802,
-0.0010999,
0.45581,
-0.0055419,
-0.017671,
-0.0040026,
-0.027099,
-0.018909,
-0.0047789,
0.0010033,
0.0056984,
0.016171,
-0.057363,
-0.0071221,
0.0012302,
0.0023047,
0.0057148,
-0.012276,
-0.00020315,
0.049517,
-0.059797,
-0.0015292,
0.080836,
-0.019898,
-0.001212,
0.010977,
-0.012948,
0.021605,
-0.0033464,
-3.95E-06,
0.0081825,
-0.0098365,
-0.0014946,
0.09227,
-0.019097,
-0.090837,
0.12709,
-0.0064032,
1.16E-05,
0.46457,
-0.061558,
3.81E-05,
0.080157,
-0.047754,
0.026499,
0.0019145,
0.0097237,
-0.0023718,
-0.01448,
-6.50E-06,
0.036756,
-0.0078554,
-5.01E-05,
0.10682,
-0.22576,
0.045292,
0.012847,
0.020941,
0.035907,
3.99E-05,
0.031788,
0.043867,
0.0061839,
-1.35E-07,
-0.0010641,
0.0012046,
-0.011616,
-0.015991,
-0.045145,
-0.03779,
-0.017199,
-0.018094,
-0.074203,
-0.013002,
-0.063274,
-0.00076983,
-0.0067425,
-0.00014719,
0.022606,
0.038587,
0.036779,
0.082186,
0.016615,
0.016942,
0.0017868,
0.000401,
-0.002618,
-0.0040879,
-0.0062532,
-0.0093883,
-0.0004658,
-0.0033481,
5.69E-06,
0.0087772,
0.0026032,
0.0019073,
0.015705,
0.00097221,
-0.00061292,
-0.00086548,
-0.008481,
-0.036461,
-3.58E-05,
4.20E-06,
-0.0026082,
6.30E-05,
0.01372,
-2.04E-05,
-0.0012106,
5.96E-05,
1.89E-05,
0.0093311,
-0.00043722,
-5.45E-07,
0.0065669,
0.0017889,
-4.05E-07,
5.30E-07,
0.00094489,
0.00085658,
-0.00033876,
-7.30E-08,
-3.20E-06,
0.002074,
-5.47E-06,
-0.00097986,
0.0035586,
0.0086662,
0.021168,
-0.0079615,
0.0010311,
0.00028509,
0.00029452,
-0.037084,
0.00029327,
-0.00066124,
0.010254,
-1.22E-05,
0.00020215,
1.47E-05,
0.010525,
0.00040345,
0.00010467,
-0.0043276,
0.0013092,
-0.00351,
-1.22E-06,
0.0009273,
3.89E-05,
-0.00063461,
-0.004635,
-0.0070297,
-0.0082148,
-0.008829,
-0.0048753,
-0.0012939,
3.48E-05,
0.0041202,
0.005882,
-3.16E-07,
-0.0049722,
-2.93E-06,
0.0053358,
-0.00033206,
-0.0037686,
0.0043859,
-0.00098283,
-9.16E-05,
0.0027966,
-0.0044625,
0.0087493,
-0.0066782,
0.0062934,
-0.0065461,
0.0062949,
-0.0065006,
0.0038685,
-0.00085458,
-2.20E-05,
0.0023722,
-0.0062259,
0.0027246,
8.79E-05,
-0.006691,
0.0022147,
0.00064471,
-0.0061836,
-7.56E-07,
0.0073775,
-5.24E-07,
-0.006848,
-1.41E-05,
0.0062604,
0.0011313,
-0.0018033,
-0.00528,
-6.95E-05,
0.0034099,
0.0058361,
0.00032543,
-0.00051438,
-0.0055139,
-0.0053256,
-0.00068399,
3.86E-05,
0.0021414,
0.0062022,
0.006953,
0.0036716,
0.001605,
0.00012026,
-1.05E-06,
-0.00014956,
-0.00061262,
-0.0010185,
-0.0017082,
-0.0018286,
-0.0016361,
-0.0016853,
-0.0012024,
-0.00081949,
-0.00049792,
-0.00016896,
-1.22E-05,
4.81E-06,
0.00035364,
0.0013359,
0.003082,
0.0045742,
0.0039846,
0.0025641,
0.00014498,
-5.95E-06,
-0.00094657,
-0.0029236,
-0.0031189,
-0.00068636,
8.30E-08,
0.00066798,
0.0030328,
0.0023519,
0.00018998,
-0.00010322,
-0.0014013,
-0.0013797,
-4.02E-05,
0.00030433,
0.0014896,
0.0003408,
-4.85E-05,
-0.0018063,
-0.00077457,
1.02E-07,
0.00088836,
0.00087468,
-4.74E-08,
-0.00089994,
-0.0006479,
4.25E-06,
0.00090906,
0.00024517,
-8.47E-05,
-0.00074226,
-6.68E-06,
0.00063328,
0.0005081,
-6.93E-06,
-0.00052858,
-5.82E-06,
0.000398,
8.78E-05,
-3.49E-05,
-0.00028977,
2.15E-07,
0.00035876,
2.75E-06,
-0.00035115,
-6.10E-05,
0.00016978,
0.00020714,
-1.99E-05,
-9.01E-05,
3.58E-05,
0.00028331,
-1.64E-06,
-0.00041556,
-3.94E-09,
8.81E-05,
-8.20E-07,
-0.00026895,
-8.35E-07,
0.00018046,
5.06E-06,
-0.00010104,
-2.38E-06,
9.91E-05,
1.39E-05,
-5.42E-05,
-1.26E-05,
6.58E-05,
3.27E-05,
-1.85E-05,
-2.12E-05,
1.36E-05,
1.22E-05,
-4.37E-05,
-0.00020547,
1.27E-09,
5.39E-09,
-1.75E-05,
-8.76E-05,
-2.07E-12,
0.00015412,
1.77E-08,
-6.32E-06,
3.15E-08,
9.86E-05,
4.66E-06,
-4.84E-08,
3.69E-06,
0.00010274,
3.03E-05,
-2.31E-06,
-3.32E-07,
2.25E-06,
-1.18E-07,
-8.01E-05,
-7.40E-05,
2.27E-09,
5.24E-08,
-8.29E-07,
-2.34E-07,
-3.84E-06,
-6.11E-06,
-3.17E-09,
-7.13E-08,
3.39E-07,
4.55E-07,
-1.86E-07,
-2.20E-06,
-4.69E-08,
1.97E-07,
-1.10E-06,
-4.28E-06,
-5.36E-06,
1.44E-07,
3.21E-06,
-3.27E-07,
2.02E-05,
8.93E-07,
1.12E-05,
-6.06E-07,
-4.51E-07,
1.50E-05,
-3.20E-08,
-3.65E-06,
-1.05E-05,
-2.22E-06,
-1.45E-06,
-2.53E-06,
-8.44E-07,
1.68E-06,
4.04E-06,
0.0031206,
4.45E-07,
3.96E-10,
3.78E-05,
8.51E-05,
-3.46E-07,
1.10E-05,
6.60E-10,
7.75E-10,
2.31E-05,
7.05E-05,
0.00039279,
7.29E-07,
3.76E-11,
2.31E-08,
-0.00019965,
0.0018702,
-1.08E-06,
2.38E-05,
5.06E-09,
1.09E-07,
-5.75E-06,
-1.23E-05,
-3.94E-06,
-5.55E-07,
1.29E-07,
-1.10E-06,
1.14E-05,
8.97E-06,
7.04E-06,
2.30E-06,
0.0011967,
-1.09E-07,
5.23E-05,
0.0002399,
-5.61E-07,
5.63E-05,
6.31E-08,
1.66E-05,
1.01E-05,
8.26E-06,
6.09E-08,
-9.22E-07,
-1.19E-05,
-3.42E-06,
-1.68E-05,
1.66E-08,
-2.04E-08,
-2.57E-05,
2.86E-08,
1.77E-08,
-7.08E-07,
-8.41E-05,
6.95E-05,
5.25E-05,
-8.47E-07,
1.25E-08,
1.69E-06,
5.99E-07,
1.71E-07,
-2.90E-07,
8.67E-10,
6.23E-08,
9.51E-07,
-4.14E-08,
-3.83E-05,
-8.80E-06,
6.79E-07,
-6.43E-06,
5.30E-06,
8.04E-07,
2.61E-06,
4.16E-06,
8.28E-06,
4.68E-06,
1.28E-06,
1.78E-06,
2.41E-09,
-1.19E-06,
-3.07E-06,
-3.43E-06,
-3.29E-06,
-0.038646,
-1.84E-06,
7.88E-07,
7.85E-08,
6.53E-05,
1.65E-05,
5.99E-06,
6.67E-07,
-7.56E-06,
9.45E-07,
0.00016001,
-7.26E-07,
9.08E-08,
1.52E-07,
8.16E-06,
-6.96E-07,
2.73E-08,
-2.46E-07,
4.22E-06,
-1.09E-07,
-3.31E-06,
1.71E-05,
3.22E-07,
0.00010828,
-0.00036403,
6.22E-05,
-1.49E-05,
-0.0014549,
-2.51E-08,
-0.00029108,
0.0037476,
0.0013301,
0.010033,
-0.016048,
-0.49137,
-0.002594,
-0.0057204,
0.070985,
0.0062788,
0.22346,
-0.023617,
0.015711,
-0.004475,
0.021925,
-0.081629,
0.00047707,
-0.15748,
6.32E-05,
-0.11294,
0.007067,
0.048812,
0.00010831,
0.013748,
0.0024773,
0.0072734,
-0.027973,
0.00011031,
-0.028142,
0.037005,
-0.042572,
0.0014473,
-0.0028298,
0.021731,
-0.0017343,
0.0009879,
-0.004026,
0.0023343,
-0.029574,
0.0055659,
-0.00050651,
0.001747,
-0.0053532,
2.60E-05,
9.15E-05,
-0.0056665,
1.40E-06,
0.011227,
0.0058615,
-5.01E-07,
0.030426,
-5.66E-05,
0.00047722,
-0.027351,
-0.014149,
0.041033,
1.67E-06,
1.52E-05,
-0.0014856,
-0.014098,
2.00E-06,
0.024135,
0.00082541,
0.0067962,
0.0038162,
0.00031203,
7.15E-05,
-4.62E-07,
-0.00036838,
0.00040699,
0.00029001,
0.00018153,
0.0004871,
-0.0019969,
-2.07E-07,
-0.00078219,
-0.0005242,
-0.0046422,
-0.00036985,
9.79E-08,
-0.00099737,
5.54E-06,
-0.00017066,
0.00023571,
0.38939,
0.099567,
-0.065027,
5.00E-06,
0.0010417,
-9.54E-05,
0.016361,
0.010231,
0.0032643,
-9.31E-06,
-0.00086581,
-0.0030043,
0.017457,
0.0014435,
-0.038098,
-0.0001954,
-0.094657,
7.08E-06,
-0.00043563,
0.00061304,
1.90E-05,
-0.0085862,
-0.00012592,
-0.011555,
-0.003142,
-0.00078957,
-0.009631,
-0.00024534,
-0.0045225,
2.99E-05,
-0.00099853,
-0.0022122,
0.0029873,
-0.0045985,
0.010871,
-0.00028706,
0.0029208,
0.0027157,
-0.003889,
0.00087087,
-0.0086031,
0.00073094,
-0.0087657,
0.00017947,
-0.03722,
0.0050967,
-0.023024,
0.0053785,
-0.018296,
0.010564,
-0.0087893,
-0.040402,
-0.0021957,
0.014107,
0.00063888,
-0.0081038,
-1.73E-06,
-0.068465,
0.00067542,
-0.00033954,
0.0014442,
2.17E-05,
-0.0041359,
-0.00014445,
-0.0062648,
-0.0012002,
-9.72E-05,
-0.0028954,
-3.36E-07,
-0.0015142,
1.37E-05,
-0.00078928,
-0.0019651,
-0.29134,
8.27E-05,
0.15119,
-0.0018611,
0.14936,
-0.0073316,
0.00085644,
-0.073644,
0.024066,
0.02083,
0.2663,
-0.19214,
-0.013568,
0.080159,
0.0011675,
0.37815,
-0.012735,
8.74E-06,
-0.19486,
-0.0069165,
-0.023288,
0.19266,
0.00010398,
6.50E-05,
0.018743,
-0.0012479,
0.14653,
0.12541,
0.1983,
0.15817,
0.16728,
0.0055373,
1.43E-06,
-0.036071,
-0.031982,
-0.0006124,
0.0051249,
0.04094,
-0.00043869,
-0.0056598,
-0.00026971,
-0.00056788,
-0.078861,
-0.10891,
-0.0065466,
-0.046807,
-0.029611,
0.00221,
-0.22685,
0.11785,
-0.039629,
0.074302,
-0.00069771,
0.00022283,
0.043371,
-0.015953,
0.051328,
0.010516,
-0.00015338,
-3.48E-06,
-8.41E-05,
0.0056137,
-3.48E-09,
-0.028776,
-0.34087,
-0.015242,
-0.24624,
0.0035872,
0.00094296,
0.0010564,
0.0096475,
0.00093144,
0.022578,
0.019873,
6.89E-05,
-0.18125,
0.0032751,
0.00030501,
-0.005062,
0.0053895,
-0.0063135,
0.015005,
-0.025734,
-7.33E-06,
-0.0010185,
-0.099671,
-0.0015406,
-0.00058131,
0.032985,
-0.026161,
0.02504,
0.049825,
0.2626,
-0.037216,
0.00095813,
0.017797,
-0.020431,
0.26019,
-0.001483,
0.053784,
-0.062174,
0.0022864,
-0.25148,
0.044247,
-0.021079,
-0.024928,
-0.024419,
-0.10525,
0.0036923,
0.014679,
0.11246,
0.096821,
0.012646,
0.0084127,
0.00059304,
-7.91E-06,
-0.00020649,
-3.72E-07,
1.19E-05,
0.0016133,
6.54E-07,
0.0016406,
-0.0001391,
-4.50E-05,
-0.0013504,
-0.015341,
-0.012771,
-0.0026617,
-0.011641,
0.0035341,
-0.01503,
0.031783,
-0.026992,
0.00060277,
-3.51E-05,
8.63E-05,
0.00021571,
0.0013535,
0.0049026,
0.00028006,
0.0024853,
0.00046065,
-2.69E-05,
-0.0055152,
0.00034625,
-0.00022535,
-0.15555,
-0.0016763,
-0.15223,
0.011532,
0.0018516,
0.056741,
0.046866,
0.027289,
0.00838,
8.67E-05,
-1.71E-05,
-5.22E-06,
1.34E-06,
-1.13E-05,
0.00048256,
-5.20E-06,
-0.00017421,
-0.091844,
-0.25904,
0.014182,
1.08E-05,
0.04377,
0.00075123,
0.054904,
1.38E-06,
9.13E-05,
0.020025,
0.13751,
0.2173,
-0.17334,
-0.1801,
-0.00012505,
-0.034297,
0.015014,
-0.00046346,
0.0080672,
-0.10968,
-0.004416,
-0.02587,
0.013593,
0.044435,
-0.00030668,
0.013193,
-0.0021366,
-0.070051,
-0.033269,
-3.03E-05,
3.01E-05,
0.0099523,
0.019679,
0.0054701,
5.07E-06,
0.0004591,
-0.0021061,
0.00012162,
-0.00010314,
1.22E-06,
-0.00014864,
0.00024455,
-3.77E-06,
-0.0092722,
0.004463,
-0.010991,
0.010962,
-0.083923,
0.029692,
-0.13912,
0.012419,
-0.071149,
0.035165,
-0.02636,
0.010345,
-0.00031838,
0.0022921,
1.39E-05,
4.14E-06,
0.00039807,
-0.00032357,
0.0026675,
-0.034071,
0.21842,
-0.0061822,
-0.037305,
-0.16705,
-0.027986,
-0.093519,
-0.00037046,
0.00049163,
1.72E-05,
0.010857,
-0.00012039,
3.17E-06,
0.00041966,
-2.65E-05,
0.009809,
-0.0033383,
0.001288,
-7.85E-05,
0.0021126,
0.00026692,
0.0025417,
2.25E-10,
0.00039138,
2.71E-05,
-7.18E-05,
-4.93E-05,
0.004452,
0.0013828,
-0.0013651,
-5.23E-05,
0.071579,
-0.26029,
0.24696,
0.020148,
0.00010274,
-0.00019356,
-0.088356,
-0.037069,
4.42E-06,
-3.61E-06,
-0.011467,
-0.32794,
-0.054586,
-0.0037006,
0.003756,
2.18E-05,
0.00041195,
0.019323,
0.066564,
0.013681,
0.000321,
-0.007608,
-0.028922,
-0.0067135,
0.0016642,
-9.94E-06,
0.0018051,
9.57E-05,
-0.00072488,
-1.50E-05,
-2.06E-06,
3.83E-06,
0.0021423,
0.0012094,
0.0040814,
0.0049219,
0.00019306,
0.0028703,
-0.0043668,
2.34E-08,
0.0052083,
0.0064668,
-3.19E-06,
-0.0015132,
-0.00031981,
1.08E-05,
-7.40E-07,
4.62E-05,
-0.00085713,
-5.81E-05,
0.00046232,
8.52E-05,
-0.064018,
0.0054132,
0.00015161,
0.057018,
0.010102,
0.0045046,
0.012946,
-0.0068614,
-0.025641,
-0.039824,
-9.10E-06,
6.84E-05,
-9.81E-05,
-8.27E-07,
5.52E-05,
3.74E-07,
-0.00020206,
-5.87E-05,
-3.97E-07,
0.0015643,
-2.43E-05,
0.041632,
-0.10093,
0.1989,
-1.99E-06,
-0.032807,
-0.011567,
-0.13561,
-0.0057168,
-0.00026663,
-0.0013548,
-0.046919,
-0.071226,
-0.14178,
0.0076842,
0.019369,
-0.00054226,
0.14703,
0.099177,
-0.00019585,
0.0037416,
0.051147,
-0.28092,
0.10119,
0.00071446,
-0.16436,
-0.022081,
-0.094196,
-0.0069547,
-0.0016131,
0.020014,
0.0066507,
-0.0024389,
0.002085,
0.0013459,
0.00017054,
-0.00027054,
0.00064728,
8.69E-05,
-0.00014202,
-0.0005391,
6.52E-07,
3.95E-05,
0.0006048,
-0.013219,
-0.00041633,
-0.0055568,
-6.45E-05,
-0.021037,
-0.021988,
0.00052476,
1.32E-06,
0.00036061,
-0.0081207,
-0.0020126,
0.0071787,
0.0027882,
-0.0032446,
4.67E-05,
0.012195,
-0.00030351,
-0.000233,
3.25E-05,
4.05E-05,
-0.52475,
-0.047834,
-0.080171,
1.61E-05,
-8.13E-05,
0.00053942,
0.079521,
0.13187,
2.70E-05,
-0.0027446,
-0.010161,
-2.13E-05,
-0.0019384,
-0.0021182,
0.0021728,
0.00011153,
5.01E-05,
-9.33E-05,
0.00129,
-1.79E-05,
5.73E-06,
0.00034032,
0.0008205,
0.0032868,
0.00029358,
5.03E-05,
-7.37E-06,
-0.001762,
-0.00019059,
-0.02263,
-0.0048679,
0.014478,
0.13122,
-0.007131,
-0.26583,
-0.0064689,
-0.0021122,
-7.85E-06,
0.011457,
0.037325,
-0.021126,
-0.00015482,
0.060767,
0.0014451,
0.088336,
0.016464,
0.028094,
0.0027148,
-0.032412,
-0.045876,
-0.03042,
-0.005848,
0.0095095,
0.0021438,
-9.86E-05,
0.0027077,
0.00075455,
0.0027873,
0.0023707,
0.00098355,
0.004571,
1.16E-05,
-0.00017557,
-0.00075416,
-0.00058578,
-2.36E-05,
0.0044424,
0.0010521,
0.0021415,
0.0010408,
-0.0012415,
-2.18E-05,
-2.24E-05,
-0.00032217,
-0.00042881,
-0.00059001,
-0.0034372,
-8.63E-05,
-1.69E-05,
-0.00038718,
-0.00017395,
-4.44E-08,
-1.06E-06,
-0.38396,
0.0016889,
0.033429,
-0.0047045,
-0.0042609,
-0.029646,
-0.033031,
-0.0045616,
2.73E-06,
0.00084169,
0.00021325,
0.010532,
0.00096501,
-0.00050023,
-0.0017046,
-0.0013272,
-0.0017963,
-5.25E-05,
-0.0013424,
-1.08E-05,
7.61E-05,
0.33779,
0.17976,
-0.1345,
-0.22738,
-0.020331,
-0.090626,
-0.0038186,
0.0049682,
0.042396,
-0.00083691,
0.0038302,
-0.012904,
0.09194,
0.15273,
4.67E-05,
0.05117,
-0.01257,
-0.035649,
-0.22399,
0.0043987,
-0.099103,
-0.11329,
-0.046844,
-0.00052612,
-0.029174,
0.03045,
-0.0003182,
0.1716,
0.0023857,
0.0087966,
-0.00096374,
-0.069435,
-0.0051256,
5.12E-05,
0.00014659,
1.93E-05,
0.00049764,
-0.00043372,
-1.57E-05,
-0.00044236,
0.00033593,
0.00039439,
-7.76E-09,
0.0028933,
-0.0092321,
0.019619,
-0.050129,
0.00076772,
-0.081163,
-6.39E-06,
-0.085634,
0.001994,
-0.030625,
0.026744,
-0.0022792,
0.0017167,
1.76E-08,
0.0016441,
-0.00016777,
0.00036595,
1.57E-05,
0.00010397,
-0.0021872,
0.17994,
-3.01E-06,
0.003101,
0.036895,
0.00034422,
0.071728,
-0.16434,
-1.64E-05,
-0.10741,
6.80E-05,
0.00062672,
0.0058248,
-2.41E-05,
0.0002343,
5.95E-05,
-0.0034843,
0.0011105,
-0.0048478,
0.0054178,
-0.0010399,
0.00095906,
-0.00032851,
0.0018667,
-0.0028162,
0.00045288,
-0.0037977,
-0.0024009,
0.00021392,
0.024154,
-0.0006602,
-0.004284,
-0.42242,
-0.14569,
0.00012064,
0.026476,
0.00073308,
0.0034598,
0.017436,
0.030589,
0.00024302,
0.053964,
-0.12959,
-0.01651,
0.052401,
-0.010208,
-0.0037255,
-0.042635,
-0.11151,
-0.060324,
0.007974,
0.001584,
0.016805,
0.075427,
0.0091525,
-0.00011251,
-0.00040679,
-0.0050439,
-1.02E-08,
0.00033759,
-0.0014799,
-1.25E-05,
0.00018241,
0.00015589,
-0.0038417,
-0.0073831,
-0.020676,
4.77E-05,
0.020767,
0.0012863,
-0.00041508,
-0.00030838,
-0.001148,
-0.0062817,
0.0052141,
0.00087297,
-0.00031301,
-0.0029509,
-0.0072105,
-6.60E-05,
0.0003434,
0.0019802,
1.21E-05,
2.34E-05,
-0.089957,
0.014151,
-0.043379,
-0.011758,
0.0011822,
-0.019167,
0.047653,
0.17528,
0.050376,
-0.007542,
-0.07986,
-0.040332,
-2.10E-07,
0.00031626,
0.00099087,
0.00036424,
-0.0024159,
0.00016677,
2.94E-05,
7.25E-05,
-0.0050018,
-0.006155,
-0.1829,
0.020107,
0.10314,
0.052745,
0.055601,
0.0078227,
0.0051077,
7.49E-06,
0.044238,
-0.081276,
0.13444,
0.0060122,
-0.11307,
-0.12732,
-0.00070178,
-0.042871,
9.69E-05,
0.012844,
-0.3012,
0.070125,
0.18264,
-0.021927,
0.088958,
0.072609,
0.035044,
0.0038777,
-6.18E-06,
-0.013213,
-0.055908,
-0.019556,
0.0086265,
-0.0030303,
-0.029789,
0.037556,
5.59E-05,
-2.01E-07,
-2.47E-05,
-2.05E-06,
4.64E-07,
-0.00024013,
-1.70E-05,
-0.032418,
-4.20E-06,
0.00019675,
-0.0085775,
0.00035768,
0.0031659,
-0.0028144,
0.0015422,
-0.00030323,
-0.0026318,
-2.53E-05,
-0.00026925,
-1.22E-05,
-1.75E-05,
1.43E-05,
1.91E-05,
4.94E-08,
3.07E-05,
-0.00010957,
-3.74E-06,
-0.089887,
-0.016823,
0.027571,
-0.0070888,
-0.071512,
-0.023694,
-0.30945,
-0.023981,
1.32E-05,
0.00022101,
0.026937,
0.021156,
3.01E-05,
0.0016071,
0.0012029,
-0.043742,
0.00013791,
0.001236,
-8.77E-07,
1.68E-06,
3.25E-08,
8.31E-09,
0.00073691,
-5.10E-05,
5.22E-05,
0.0013849,
5.73E-05,
4.87E-07,
5.31E-06,
5.29E-05,
0.0019836,
-0.010351,
0.02113,
0.00029031,
0.017492,
-0.00022395,
0.00016905,
-0.0019087,
-0.084561,
-0.011028,
0.051192,
0.0034791,
-0.015544,
0.014148,
-0.061749,
-0.0053957,
0.00012816,
2.34E-07,
0.028065,
0.0053462,
1.89E-05,
-0.00059264,
-0.071672,
-0.0032157,
0.0012817,
-3.24E-07,
0.00021473,
7.55E-05,
-0.00090164,
0.00044019,
-0.00014863,
0.00013085,
3.99E-05,
0.00084798,
0.0013537,
-9.71E-05,
7.89E-05,
0.015583,
0.0024352,
0.0015669,
0.0012617,
-0.012537,
-0.016534,
-0.012563,
-0.010593,
-0.0077676,
-0.0039197,
-9.48E-05,
-0.00085942,
-2.54E-05,
-7.97E-05,
1.21E-05,
3.22E-05,
0.0032124,
0.38786,
-0.014108,
0.14708,
0.16108,
0.26038,
0.28105,
0.0043118,
-0.007658,
-0.01519,
-0.0082619,
-0.00078159,
-0.00017192,
0.0013922,
0.0026521,
1.57E-07,
0.0010168,
-3.37E-05,
-7.67E-05,
-0.001159,
-0.00037917,
-0.004802,
-0.080058,
0.031197,
0.0014794,
-0.0052381,
0.0010634,
3.49E-06,
-0.015383,
-0.00016053,
0.019612,
-0.00068544,
-0.21257,
-0.01238,
-0.071813,
1.42E-05,
-0.024337,
0.10424,
0.010269,
0.047383,
-0.058046,
0.02448,
-0.059073,
-0.0024078,
0.00078033,
0.00070455,
-0.14847,
-0.00054042,
-0.20546,
3.88E-05,
-0.0025853,
0.052352,
0.0096087,
0.10005,
-0.00086593,
-0.00030586,
2.55E-06,
-0.023504,
0.0027997,
-0.017496,
0.011743,
-0.0087737,
0.0035379,
-0.0075467,
-1.71E-07,
-0.0035691,
-0.0097481,
2.79E-07,
-0.024092,
0.01584,
-0.00035708,
0.0040068,
0.0081235,
9.26E-06,
0.049543,
0.0005546,
0.010216,
-0.00059697,
-9.36E-05,
-0.00050691,
-0.00047579,
-0.01563,
5.62E-05,
-0.00044671,
0.0033339,
0.014833,
-0.066305,
-0.090547,
0.0011916,
-0.047303,
0.22645,
1.12E-06,
0.11008,
-0.0033436,
0.00015243,
-0.029813,
0.034931,
-0.0011353,
0.0049804,
-0.006396,
2.92E-07,
0.0066516,
-0.0013151,
0.00074873,
-0.00063613,
0.0036622,
-0.0015895,
0.016642,
0.0054778,
0.0047489,
-0.00071803,
-0.0015554,
-0.0027274,
0.00060579,
0.00092957,
-0.37591,
0.00071897,
0.025597,
-0.022799,
-0.029735,
-0.066232,
-0.06736,
-0.028072,
0.0054623,
-0.0037344,
0.024255,
0.23775,
-0.089594,
0.039087,
0.15536,
0.33946,
0.096251,
-3.85E-05,
-0.029006,
-0.043679,
-0.026841,
-0.00083407,
-8.07E-06,
0.00035468,
-0.00018303,
-1.79E-05,
0.0012696,
2.68E-05,
0.00061156,
-0.00083507,
6.50E-06,
-2.53E-07,
-0.0037177,
-0.00081251,
-0.00015509,
-0.001035,
-0.0035721,
0.00052159,
9.06E-05,
6.31E-06,
-0.020808,
-0.00014842,
0.0029328,
0.00035783,
-1.55E-05,
-0.0025913,
4.29E-05,
2.86E-06,
0.00017582,
-3.51E-07,
-8.91E-06,
0.00034757,
0.0015146,
-0.14023,
0.20192,
0.0026298,
-0.011595,
-0.04521,
-0.34363,
-0.073773,
-0.00090857,
0.0044964,
-2.42E-06,
0.089681,
5.18E-06,
-0.0035284,
-0.00015427,
-0.0020395,
0.00043092,
-0.00054297,
-0.00019901,
0.0036579,
0.012185,
0.00017259,
0.066508,
-0.015361,
-0.12788,
-0.0016115,
-0.019819,
-0.017816,
-0.0070068,
-9.26E-05,
-0.10716,
-0.00015431,
0.2311,
-6.11E-05,
0.015899,
0.070271,
0.080865,
0.12787,
-0.036524,
-0.031938,
0.0003183,
-0.0148,
0.14108,
0.042627,
-0.28033,
-0.03913,
-1.04E-06,
-0.15457,
0.011507,
0.030361,
0.01306,
0.16509,
-0.019155,
-0.0091617,
0.052111,
0.0023763,
-0.0085924,
-0.031539,
0.00013823,
0.0059373,
-0.0023662,
-0.012348,
4.73E-07,
0.032318,
0.0017551,
-0.0051827,
0.0024282,
1.43E-05,
6.94E-06,
-0.0013911,
-5.07E-07,
0.0029766,
0.012465,
0.00031494,
-0.00077356,
0.043008,
-3.63E-09,
-0.023522,
6.61E-09,
-2.28E-05,
-0.0039915,
-0.0035314,
5.71E-05,
0.028973,
0.27761,
-0.022129,
0.038745,
0.37384,
0.11984,
0.064058,
0.025001,
-0.11942,
0.0019789,
-0.0022594,
-0.22017,
0.00027077,
0.025944,
0.00011577,
2.61E-07,
-0.0028443,
0.00033018,
0.00075239,
-0.0049551,
0.001296,
0.016921,
0.00046013,
0.0016314,
0.0010295,
-0.00057592,
0.014904,
0.00050209,
-0.00021569,
-4.23E-05,
-0.00034321,
3.45E-06,
-0.14534,
0.00037601,
-0.051174,
-0.00028695,
-9.05E-05,
0.00014848,
0.065554,
0.034209,
2.21E-06,
-6.73E-08,
0.041081,
-0.077994,
0.28312,
0.0026648,
-0.018597,
-0.017492,
-0.17831,
-0.1143,
-0.022192,
-0.0042304,
-6.09E-07,
0.00543,
-0.00012973,
-0.0016038,
4.63E-07,
-0.00092081,
-9.71E-05,
4.09E-07,
0.00010619,
-2.37E-07,
0.013664,
0.0014933,
0.00027321,
0.00015267,
-8.85E-06,
0.0057447,
0.0080812,
0.014565,
0.002142,
0.00020713,
0.0009498,
-0.001027,
-0.00088903,
3.23E-06,
-0.0065066,
-0.0013966,
-0.0016798,
-0.00017749,
-0.001211,
-4.32E-05,
-4.21E-05,
0.0013131,
0.16687,
0.010804,
-0.36091,
-0.26215,
-0.072158,
-0.042889,
-0.00026476,
0.086141,
0.085612,
0.11144,
0.02473,
0.0015251,
8.55E-05,
-0.00041614,
-3.20E-05,
-0.0020796,
-0.00010847,
-0.00022807,
-5.77E-05,
-0.0014551,
-0.030519,
-0.38559,
-0.090828,
-0.052806,
-0.00015771,
0.00015395,
0.00024263,
0.11758,
-2.08E-05,
-0.013389,
0.0033706,
-0.14414,
-0.00041868,
0.11128,
0.0032563,
-0.15008,
-2.33E-06,
-0.41504,
-2.12E-05,
0.012549,
-0.021813,
0.0070261,
0.065382,
-0.026657,
0.022118,
0.21792,
0.025319,
0.40761,
-0.0093738,
0.058607,
-0.35648,
-0.0045487,
-0.18939,
0.0051475,
-0.0035081,
0.034624,
-0.00061269,
0.011488,
-5.45E-07,
0.0005454,
9.94E-05,
-1.34E-05,
0.00030897,
1.51E-09,
-2.22E-06,
0.0057951,
-0.0012033,
0.013519,
-0.023803,
0.068957,
-0.00085539,
0.0015037,
1.95E-05,
2.95E-05,
-5.54E-05,
2.66E-06,
-0.00038885,
0.016283,
-1.89E-06,
0.00014298,
4.66E-05,
0.00021265,
-0.0011693,
0.054641,
-0.34564,
0.21707,
0.0073345,
-0.048317,
0.0013797,
-0.29548,
0.00020407,
-0.051317,
0.037437,
-0.02356,
0.031336,
2.33E-05,
0.018456,
-0.00044592,
4.59E-06,
0.0046832,
-0.00014692,
-0.00042898,
-0.00082321,
-0.0023996,
-0.0025592,
9.05E-07,
3.39E-06,
0.0021413,
-9.82E-05,
-5.62E-05,
-0.0019994,
-0.00010143,
-0.00011119,
0.011926,
0.021292,
0.30382,
-0.023912,
0.16985,
0.016861,
0.10762,
0.10192,
-0.00465,
-0.086146,
0.055129,
0.0083729,
0.25158,
0.17123,
-0.20075,
-0.08751,
-0.052616,
-0.023676,
0.041036,
0.043722,
0.0009791,
0.021103,
0.041523,
6.39E-06,
-0.00020041,
-0.00014384,
-5.44E-05,
-0.00053298,
0.00013604,
-0.00014068,
6.08E-05,
-0.00020819,
-0.0019283,
-2.02E-05,
0.0026859,
-0.00064648,
0.00018396,
-0.0052287,
-0.049207,
0.00028659,
0.0016439,
0.00041826,
0.0061042,
7.81E-06,
-0.0013915,
-9.06E-05,
0.0057185,
0.00022606,
2.16E-05,
-0.0016162,
-0.0011211,
-1.12E-05,
-7.97E-10,
0.0009004,
0.017585,
-0.069584,
0.17801,
0.081729,
0.0988,
0.083352,
-6.46E-05,
-0.040481,
-0.017173,
-0.027255,
-0.025637,
0.0045312,
0.0049032,
-0.00022434,
0.00013964,
-0.00017263,
5.15E-08,
-1.83E-05,
-0.0016823,
-2.52E-06,
0.022157,
0.0002364,
0.064568,
0.014242,
0.0033538,
1.88E-06,
-0.00013468,
-0.082037,
-0.0067791,
-4.76E-05,
-0.0056522,
-0.00039013,
-0.087835,
-0.021048,
0.0081068,
0.028214,
0.15842,
0.029967,
0.065439,
-0.13519,
2.29E-05,
0.11796,
-0.079609,
-0.0011414,
-0.08019,
-0.00058599,
-0.0048805,
-0.0098506,
0.028194,
0.1579,
0.0042013,
-4.73E-06,
-0.016925,
-0.0063029,
0.019461,
-0.00064197,
-0.0026288,
0.0036841,
-2.07E-07,
0.00024523,
-0.0044234,
4.03E-05,
-0.0027036,
0.0061011,
-4.94E-06,
-5.36E-07,
0.00011711,
0.005784,
0.0085131,
-1.24E-05,
0.0089967,
0.00012723,
-0.003945,
-5.47E-05,
0.00034757,
-0.0016181,
0.00043876,
0.001912,
-1.41E-05,
0.00031435,
-6.25E-07,
-0.0010913,
8.00E-06,
-0.011717,
-0.14184,
0.0043124,
-0.00017648,
-4.16E-07,
-0.0022462,
0.0003285,
0.062494,
-0.0094573,
0.00048963,
1.81E-05,
0.005166,
0.00098789,
-0.00091978,
0.00029505,
-0.00032143,
-0.00017157,
2.20E-06,
-2.43E-09,
5.32E-07,
-0.00017238,
-0.00013211,
-0.00081671,
-0.00034162,
-2.31E-05,
-1.86E-05,
-3.15E-05,
-7.11E-08,
0.00035558,
2.37E-06,
-2.33E-05,
-1.54E-05,
-0.02797,
-0.00060292,
-7.34E-05,
1.39E-06,
-5.94E-05,
-2.68E-05,
-2.87E-05,
-0.00010062,
3.54E-07,
0.00026323,
0.002115,
1.81E-05,
-3.11E-07,
-0.00031855,
-0.00052971,
-0.00031,
-1.36E-06,
8.06E-05,
0.00015956,
2.46E-05,
0.0031663,
3.38E-05,
-4.86E-05,
-1.20E-07,
6.29E-07,
-1.89E-05,
5.05E-06,
-1.30E-06,
2.06E-05,
2.45E-05,
4.93E-06,
0.00035517,
1.11E-06,
-0.00050354,
-0.00010227,
6.03E-06,
-2.50E-05,
1.76E-06,
0.00056895,
0.00077061,
0.0002279,
0.001149,
0.00026418,
0.00010398,
3.91E-06,
-8.24E-06,
-3.17E-05,
-1.32E-05,
-4.13E-06,
-1.32E-05,
-3.94E-06,
2.78E-07,
-4.69E-05,
-2.77E-06,
-6.79E-05,
-8.42E-05,
-8.93E-06,
1.17E-06,
1.01E-06,
1.46E-05,
5.14E-05,
2.17E-05,
9.79E-07,
-1.52E-05,
-2.52E-05,
-1.90E-05,
-5.02E-06,
3.87E-08,
2.97E-06,
4.45E-06,
2.03E-05,
6.33E-05,
4.69E-05,
0.00012546,
4.52E-07,
-7.44E-07,
-4.05E-07,
-2.93E-08,
2.30E-05,
2.58E-05,
0.00010497,
1.11E-05,
3.52E-06,
-0.0035326,
-0.0037773,
-2.29E-06,
-0.0021119,
-0.0020303,
0.00015541,
-2.62E-05,
-0.00061639,
1.07E-05,
7.52E-05,
-9.84E-05,
0.00040887,
-1.30E-06,
-1.23E-06,
9.83E-10,
0.0013798,
-0.0032858,
2.64E-08,
-0.0013212,
-0.0022359,
0.0003595,
-3.85E-05,
-5.70E-08,
0.00015752,
0.00017349,
-0.00017447,
3.91E-06,
-0.0001826,
-7.10E-08,
-0.0035368,
5.13E-05,
-1.46E-05,
1.05E-05,
-2.85E-05,
0.0014733,
-0.00051091,
-5.19E-06,
8.55E-07,
-0.00064814,
0.00019004,
-5.92E-06,
-0.00034687,
-0.00036004,
0.00010607,
3.05E-05,
1.29E-05,
-6.52E-06,
-2.86E-07,
-4.09E-05,
0.0010483,
-0.0012298,
-9.57E-06,
2.44E-05,
-0.00011474,
6.85E-05,
2.40E-09,
0.00040402,
9.51E-06,
1.49E-05,
-2.30E-05,
-5.89E-07,
8.47E-07,
-2.99E-05,
2.52E-05,
1.63E-06,
-5.98E-07,
-2.71E-09,
1.44E-06,
-2.25E-06,
-3.73E-06,
1.28E-05,
-8.08E-07,
-2.82E-05,
1.07E-06,
2.01E-05,
-1.34E-06,
7.35E-05,
-6.78E-06,
1.83E-05,
-9.76E-08,
3.36E-07,
-1.12E-05,
-3.89E-05,
-5.54E-06,
5.56E-06,
-2.38E-05,
3.19E-05,
-9.23E-06,
-5.43E-07,
-1.11E-07,
-1.36E-07,
-9.21E-07,
6.75E-09,
5.02E-08,
-1.86E-06,
2.76E-06,
9.15E-07,
3.12E-06,
-7.93E-07,
-1.78E-06,
4.09E-07,
2.07E-07,
-2.81E-07,
-6.06E-06,
-6.91E-07,
1.58E-06,
-2.82E-07,
6.32E-07,
-3.26E-10,
-1.31E-05,
1.41E-08,
3.96E-07,
2.74E-07,
-2.17E-07,
9.20E-08,
-1.66E-08,
3.50E-07,
1.31E-09,
4.08E-07,
-7.11E-07,
1.02E-11,
-8.76E-07,
-1.12E-11,
-4.46E-07,
7.73E-12,
-3.04E-07,
-6.61E-07,
1.39E-08,
-1.15E-09,
-1.52E-09,
4.66E-08,
-4.88E-07,
8.18E-08,
2.17E-11,
1.98E-07,
-4.27E-08,
2.32E-08,
-1.45E-10,
-9.69E-10,
-1.01E-08,
-6.10E-08,
-6.72E-11,
5.37E-08,
-2.29E-08,
6.99E-10,
3.42E-10,
2.71E-09,
3.95E-09,
7.06E-09,
-9.90E-10,
3.69E-09,
-1.66E-11,
3.73E-10,
7.15E-11,
2.08E-10,
5.01E-11,
-7.28E-10,
3.55E-11,
-6.51E-10,
9.49E-10,
-1.78E-09,
2.53E-09,
-1.90E-09,
2.73E-11,
1.65E-10,
-2.11E-11,
-5.22E-10,
-1.37E-10,
-2.63E-11,
5.62E-12,
2.07E-10,
1.42E-12,
4.27E-12,
-7.56E-10,
9.87E-12,
3.62E-10,
2.16E-09,
2.60E-11,
-6.76E-12,
4.41E-12,
-2.01E-12,
8.21E-11,
-5.83E-10,
-1.68E-12,
-2.03E-12,
4.28E-10,
1.49E-10,
2.21E-10,
3.13E-11,
3.17E-10,
-2.45E-10,
-3.39E-10,
-9.47E-12,
1.48E-10,
-6.42E-11,
-3.61E-11,
6.48E-11,
1.54E-12,
-4.56E-10,
-7.42E-10,
-1.34E-09,
4.92E-12,
7.79E-10,
-1.49E-12,
-9.08E-11,
-5.53E-10,
-1.19E-10,
-7.30E-10,
-2.58E-11,
-9.29E-11,
1.05E-11,
7.80E-13,
5.57E-12,
-2.96E-13,
1.53E-10,
1.41E-09,
3.22E-09,
-4.72E-11,
-6.75E-10,
-1.24E-09,
-1.14E-10,
1.21E-11,
-4.01E-10,
-1.56E-10,
-2.44E-12,
6.29E-12,
8.47E-11,
3.91E-11,
-6.28E-10,
-4.63E-10,
-1.82E-09,
2.28E-10,
1.41E-09,
2.46E-11,
-1.16E-10,
-1.34E-11,
-2.41E-11,
-7.66E-11,
2.53E-11,
2.19E-11,
2.28E-10,
3.03E-11,
8.30E-11,
1.69E-12,
-2.39E-11,
-8.96E-11,
-2.00E-11,
9.46E-12,
1.47E-11,
-4.09E-11,
-6.40E-12,
-2.56E-13,
2.92E-11,
3.89E-11,
-8.73E-12,
-2.48E-10,
6.36E-11,
-1.02E-12,
3.57E-10,
-5.46E-11,
2.29E-11,
1.12E-10,
-6.50E-14,
1.51E-11,
-1.82E-10,
-7.98E-11,
4.29E-11,
-7.62E-11,
6.17E-13,
-1.25E-12,
5.56E-10,
5.02E-11,
8.00E-12,
3.29E-13,
-1.33E-11,
5.85E-11,
-1.18E-11,
4.13E-11,
-9.65E-12,
-1.89E-11,
-3.11E-11,
1.86E-12,
-9.80E-12,
-1.22E-14,
3.45E-11,
1.51E-10,
3.17E-12,
2.06E-11,
-3.90E-13,
-4.69E-11,
-5.77E-12,
-1.06E-11,
-2.07E-13,
-4.54E-12,
7.23E-13,
-8.79E-12,
5.60E-12,
9.73E-11,
-2.84E-12,
2.68E-13,
5.38E-12,
3.40E-12,
3.81E-11,
-1.94E-10,
6.61E-11,
-3.03E-11,
5.07E-11,
1.68E-11,
-1.92E-10,
5.93E-11,
-3.61E-11,
4.38E-11,
-3.66E-11,
-6.26E-12,
-3.60E-10,
7.24E-12,
4.26E-13,
-6.90E-13,
3.55E-11,
9.32E-11,
-1.20E-11,
3.70E-12,
-8.26E-12,
-4.40E-11,
5.01E-11,
-1.06E-10,
1.13E-11,
-2.65E-11,
-2.25E-12,
8.81E-12,
5.10E-12,
-3.74E-10,
6.49E-11,
4.72E-12,
4.83E-13,
-5.26E-10,
1.27E-10,
-2.02E-10,
-1.95E-09,
-6.36E-11,
-6.87E-12,
1.22E-10,
5.92E-12,
-9.74E-12,
-7.43E-13,
-4.82E-10,
-2.95E-12,
3.07E-11,
2.07E-09,
-2.06E-11,
-5.24E-13,
9.33E-11,
6.45E-11,
3.23E-10,
3.33E-12,
5.39E-11,
-3.10E-12,
-1.34E-12,
1.25E-10,
-2.22E-09,
2.23E-11,
1.75E-09,
1.77E-11,
-2.93E-10,
-1.33E-09,
-2.15E-11,
7.71E-14,
2.32E-11,
-6.87E-10,
5.52E-10,
-1.56E-10,
-2.11E-09,
2.90E-11,
9.54E-10,
2.77E-10,
6.74E-11,
3.41E-10,
9.25E-12,
-9.14E-11,
-6.44E-11,
-2.77E-11,
1.03E-10,
-5.63E-12,
-9.31E-11,
1.74E-10,
-2.38E-11,
-2.50E-09,
3.53E-11,
4.42E-10,
6.11E-11,
1.16E-09,
-5.80E-12,
-5.92E-11,
-1.07E-10,
-9.72E-12,
7.82E-11,
1.01E-09,
2.98E-10,
4.02E-11,
-2.25E-11,
-8.60E-09,
-9.14E-09,
-1.73E-08,
-2.13E-08,
-3.96E-09,
-2.28E-12,
2.18E-09,
8.68E-09,
8.65E-09,
-1.36E-10,
-8.53E-09,
-1.52E-08,
-3.91E-09,
1.52E-10,
4.32E-09,
4.23E-12,
6.82E-09,
2.19E-11,
-1.31E-08,
-1.45E-08,
-7.43E-09,
-1.29E-12,
2.10E-09,
5.74E-09,
1.11E-08,
4.00E-09,
-1.38E-09,
-4.97E-09,
-1.01E-08,
-7.05E-09,
-3.13E-09,
-2.29E-08,
-2.09E-08,
-7.16E-09,
-1.23E-09,
-3.17E-11,
1.85E-10,
7.20E-09,
1.50E-08,
2.05E-09,
-1.89E-10,
-2.39E-08,
-2.07E-08,
-1.23E-10,
5.20E-09,
1.84E-10,
-1.99E-08,
-3.05E-09,
2.75E-10,
1.26E-10,
4.11E-12,
1.19E-09,
8.02E-10,
2.13E-10,
-8.47E-11,
-5.52E-10,
3.25E-12,
-3.18E-08,
-1.74E-08,
3.14E-10,
1.46E-08,
-3.82E-09,
-6.75E-08,
-1.29E-09,
2.06E-08,
2.88E-08,
4.73E-09,
-2.10E-10,
-1.93E-09,
-1.94E-09,
-7.64E-09,
-3.30E-09,
1.37E-09,
1.26E-10,
-4.46E-10,
1.16E-11,
1.54E-11,
-8.91E-11,
1.16E-09,
1.03E-08,
2.52E-09,
-8.97E-10,
-3.39E-10,
2.81E-09,
2.22E-08,
7.39E-10,
5.63E-11,
7.30E-12,
2.93E-10,
-2.49E-09,
-2.63E-08,
-2.48E-09,
-1.94E-10,
3.81E-09,
1.92E-09,
9.49E-09,
5.16E-10,
-1.48E-10,
-1.06E-08,
2.05E-11,
2.77E-09,
-8.05E-11,
-1.86E-09,
-9.41E-10,
-3.88E-12,
-3.48E-10,
1.35E-11,
-2.34E-11,
3.20E-09,
7.33E-10,
3.39E-10,
2.12E-11,
-1.35E-10,
1.76E-11,
-1.02E-09,
-9.86E-09,
-7.99E-10,
3.84E-11,
1.03E-09,
-2.65E-11,
-3.97E-10,
-1.31E-09,
-6.57E-10,
-1.33E-11,
2.40E-09,
7.84E-09,
1.78E-10,
6.18E-11,
-2.66E-09,
-8.20E-11,
6.14E-12,
2.46E-09,
2.50E-09,
-1.84E-11,
1.39E-11,
1.27E-09,
4.06E-09,
-1.14E-10,
-3.59E-09,
-3.52E-11,
4.45E-10,
-6.91E-11,
-5.88E-10,
-4.69E-10,
1.59E-10,
9.09E-10,
1.53E-10,
-1.90E-09,
-1.21E-10,
-1.82E-11,
3.91E-09,
-4.50E-11,
-1.75E-09,
-3.07E-09,
-3.33E-10,
4.02E-11,
8.49E-10,
-3.91E-12,
-2.47E-11,
-1.62E-11,
1.96E-10,
4.43E-13,
-1.51E-11,
1.00E-09,
2.08E-09,
2.38E-10,
-3.33E-09,
1.67E-11,
-2.41E-09,
4.01E-09,
-5.01E-11,
3.23E-10,
6.39E-10,
3.95E-11,
-2.15E-09,
-6.46E-10,
-1.05E-11,
4.96E-11,
-5.04E-11,
1.82E-11,
2.60E-13,
1.11E-10,
-3.48E-11,
4.86E-12,
2.88E-10,
-9.01E-10,
8.79E-10,
-3.23E-09,
-1.84E-09,
-2.31E-09,
6.39E-12,
-2.11E-12,
-2.52E-11,
-1.75E-11,
-5.05E-12,
-5.22E-10,
8.15E-11,
1.09E-10,
8.85E-12,
-1.13E-12,
-9.59E-11,
-1.28E-09,
-1.12E-10,
-1.07E-10,
-8.96E-11,
-7.29E-10,
1.24E-10,
3.58E-10,
4.63E-09,
4.02E-09,
1.08E-11,
-5.99E-10,
-5.07E-10,
-5.43E-09,
-1.51E-08,
-8.79E-10,
-9.35E-10,
7.25E-10,
6.50E-09,
2.10E-09,
3.51E-09,
9.57E-10,
-1.14E-09,
-3.42E-10,
-1.54E-11,
1.56E-10,
-4.16E-10,
-5.74E-11,
-9.75E-10,
2.82E-12,
2.20E-10,
7.73E-09,
6.40E-10,
-6.73E-10,
-1.58E-08,
-3.01E-09,
3.27E-11,
-2.68E-11,
6.88E-12,
3.08E-09,
7.55E-09,
8.95E-10,
2.68E-09,
7.48E-11,
2.95E-12,
-3.90E-09,
-7.17E-09,
-3.39E-08,
-3.08E-09,
1.36E-09,
5.08E-11,
1.44E-08,
1.45E-08,
1.27E-09,
2.57E-12,
-1.80E-11,
-1.37E-09,
-2.37E-09,
-1.08E-10,
9.32E-10,
-1.10E-11,
1.41E-09,
4.38E-08,
3.51E-09,
1.49E-07,
1.11E-07,
2.69E-09,
3.77E-11,
2.51E-11,
-1.48E-10,
-1.18E-10,
1.81E-09,
1.51E-10,
9.36E-10,
2.10E-08,
8.41E-09,
4.41E-08,
4.28E-08,
-1.14E-09,
-1.94E-10,
2.32E-09,
-1.10E-08,
-1.77E-08,
-1.04E-09,
3.20E-10,
4.46E-11,
-2.34E-09,
1.21E-08,
-8.95E-10,
-1.27E-08,
-1.08E-07,
-4.06E-08,
-7.93E-07,
-9.30E-07,
-3.83E-06,
-2.83E-06,
-2.66E-06,
-1.32E-06,
-3.74E-07,
1.37E-06,
5.80E-06,
5.71E-06,
1.35E-06,
-5.54E-06,
-1.07E-05,
6.07E-07,
1.72E-05,
-1.14E-06,
-4.81E-05,
1.97E-05,
1.06E-05,
-4.46E-05,
3.34E-05,
3.03E-07,
-1.99E-05,
8.76E-05,
-0.00012543,
0.00010902,
-0.00022077,
0.00011392,
-9.36E-05,
6.75E-07,
7.03E-05,
-0.0001884,
0.00012211,
0.00010783,
-0.00028856,
-6.17E-05,
0.00010033,
0.00025055,
1.48E-06,
-0.00018222,
-0.00038635,
-0.0006034,
-0.00052076,
-0.00062988,
-0.00062778,
-0.00026303,
5.20E-08,
0.00039778,
0.00032211,
-0.00011368,
-0.00089962,
0.00044832,
3.21E-05,
-0.00060008,
0.0014075,
-0.0013857,
0.0014609,
-0.001591,
0.00061083,
-2.89E-07,
-0.0014924,
0.0001686,
0.0010899,
-7.30E-07,
-0.00067527,
-0.0012111,
-0.0012095,
-0.0014352,
-0.0011213,
-9.80E-07,
0.001102,
2.18E-05,
-0.0014724,
0.00079114,
-0.0001544,
5.27E-05,
-0.0005163,
0.00077411,
-4.40E-05,
-0.000263,
1.64E-05,
0.00025447,
0.00042172,
0.0004148,
0.00019438,
3.74E-06,
-0.00019147,
-2.41E-07,
5.99E-05,
-8.58E-05,
6.49E-05,
-2.16E-05,
-1.40E-06,
7.02E-05,
9.12E-06,
3.50E-07,
-1.39E-08,
5.37E-06,
1.46E-05,
-5.42E-11,
-4.06E-08,
2.00E-06,
-2.68E-09,
-1.40E-07,
2.08E-06,
1.67E-06,
1.35E-08,
-1.30E-06,
-1.50E-07,
-1.04E-08,
-1.38E-11,
4.07E-06,
4.99E-07,
5.96E-06,
7.38E-06,
1.10E-06,
3.78E-08,
7.31E-08,
-7.88E-06,
-2.73E-05,
-3.91E-05,
-1.33E-05,
-7.37E-06,
-3.37E-07,
7.95E-07,
5.07E-06,
1.66E-05,
0.00082448,
0.011174,
0.0035925,
-4.29E-06,
0.010723,
0.0090515,
1.12E-06,
-0.0015059,
0.0021442,
-0.0023044,
-2.53E-07,
0.0015777,
0.00124,
-0.0062417,
6.26E-05,
-0.0037662,
0.0022007,
0.00056543,
0.00040334,
1.73E-05,
0.0027695,
-0.0013257,
0.0055383,
0.018327,
0.00086671,
-0.0030718,
0.00082994,
0.001963,
0.0012458,
0.00027928,
0.0027036,
-0.0006518,
0.00025269,
1.94E-05,
-2.53E-07,
-0.00016396,
-5.75E-05,
-3.77E-05,
0.00012955,
-1.93E-05,
4.21E-07,
-0.00076282,
0.008018,
-0.00021993,
2.33E-06,
0.00029386,
0.00058786,
-0.0010614,
0.0044151,
-0.0004841,
-5.95E-06,
4.23E-06,
-0.00010082,
-2.91E-05,
-5.31E-07,
3.35E-05,
-0.00049679,
5.89E-06,
3.39E-05,
-2.04E-05,
-4.31E-06,
-5.60E-05,
-6.66E-05,
0.0007953,
0.00022079,
0.006382,
-0.00012507,
-4.49E-05,
-0.00038111,
7.24E-05,
-1.92E-05,
-8.26E-05,
3.81E-05,
-7.74E-05,
0.00093282,
-4.19E-05,
1.64E-07,
2.85E-07,
-1.61E-06,
2.00E-05,
-9.86E-08,
-0.00015955,
-1.11E-05,
1.22E-07,
0.00043897,
-3.35E-08,
-0.00050175,
0.0018656,
-3.89E-07,
-0.00023835,
-0.0023367,
1.59E-09,
-0.000167,
6.32E-06,
2.76E-05,
-1.07E-07,
1.27E-05,
-0.00026788,
0.00013432,
1.07E-08,
-2.05E-05,
2.85E-05,
-4.57E-06,
-9.94E-06,
0.0001081,
0.00023304,
0.0059486,
0.00012664,
-0.00073341,
1.12E-05,
6.92E-05,
6.53E-06,
2.13E-06,
-2.82E-06,
4.06E-05,
3.99E-05,
-0.00023347,
0.00024936,
-1.12E-06,
-7.78E-07,
-8.46E-05,
1.68E-07,
-4.53E-07,
-4.42E-05,
-0.00066661,
0.0012094,
7.57E-06,
-0.00043974,
1.95E-06,
0.00087934,
-0.00087971,
-0.0001648,
-1.28E-05,
-0.00034885,
-4.75E-08,
-4.18E-07,
4.02E-05,
-7.48E-06,
0.00010371,
2.30E-06,
9.65E-08,
6.47E-07,
-2.20E-05,
2.80E-05,
0.002531,
-3.83E-05,
7.13E-06,
0.0056401,
0.0001329,
-1.43E-05,
6.25E-06,
2.03E-05,
-1.13E-08,
2.99E-06,
7.98E-05,
2.22E-05,
0.00018117,
-0.0001963,
-1.27E-07,
1.04E-08,
-2.89E-05,
3.19E-05,
-0.00015545,
-1.86E-07,
-3.07E-06,
-0.0098281,
0.0018553,
-0.00092482,
-0.0019994,
7.28E-05,
2.02E-08,
-0.00014572,
-0.00023993,
-7.73E-05,
-5.53E-07,
1.79E-05,
2.86E-06,
0.00022409,
1.33E-06,
2.47E-08,
-4.00E-05,
0.00011681,
0.00020772,
-0.00013457,
-3.20E-05,
0.020857,
8.10E-05,
6.64E-07,
0.011012,
-1.16E-05,
-0.00062947,
0.00017643,
-1.85E-05,
7.69E-05,
3.01E-07,
-7.82E-05,
8.89E-05,
1.59E-07,
-2.06E-05,
-2.92E-06,
-1.73E-07,
-0.00028606,
0.00023018,
-0.00020415,
3.41E-06,
6.26E-05,
-0.027519,
0.00016342,
-5.84E-06,
5.21E-06,
-9.11E-09,
-0.00020977,
2.90E-07,
3.30E-05,
-5.75E-05,
-2.35E-06,
6.47E-05,
-1.23E-05,
5.01E-05,
9.10E-06,
-5.25E-05,
1.83E-06,
-9.47E-06,
0.00032825,
-5.58E-05,
-1.33E-06,
0.0015479,
-0.0014566,
-0.00058771,
-0.00015556,
2.12E-06,
0.00020085,
-0.00028219,
-0.00014886,
-1.64E-05,
-0.00080061,
-0.00023091,
-0.00015297,
2.56E-06,
-1.76E-06,
2.60E-05,
-1.94E-05,
-0.00037379,
-9.87E-05,
1.86E-08,
4.76E-05,
-2.67E-05,
-0.052456,
0.0042328,
-0.00033923,
-0.0087244,
-0.00023228,
0.00054776,
9.41E-05,
0.00025996,
0.00038476,
0.00042027,
6.24E-05,
0.0023578,
0.00044444,
0.002567,
0.00022491,
0.004754,
0.00017885,
0.0026498,
0.00088981,
4.35E-05,
0.017471,
-0.0015765,
-0.00060409,
0.0016998,
0.00012652,
-0.00010245,
-0.0001614,
-0.00022355,
-1.91E-05,
-8.37E-06,
-2.12E-05,
-1.41E-05,
-0.00073955,
-0.00051105,
-8.62E-05,
-9.43E-05,
3.02E-08,
-1.74E-05,
1.21E-08,
4.30E-07,
1.57E-10,
-0.00038985,
9.20E-07,
2.39E-05,
0.0060477,
0.00031827,
0.00014055,
0.00096255,
0.0012525,
0.001328,
0.00022832,
-8.74E-05,
1.39E-05,
-2.72E-05,
-0.00087416,
-0.00036006,
-0.0011617,
-0.00057995,
-0.0027557,
-0.00065389,
-0.0018054,
0.0020919,
-0.0031397,
-0.0015167,
-0.0048754,
-0.0014738,
2.45E-05,
-0.00069498,
-0.0018573,
-6.30E-05,
-0.00071184,
-0.0017146,
-0.00091751,
-1.06E-05,
-2.42E-05,
-6.56E-06,
-2.76E-05,
-1.42E-06,
-5.42E-06,
-6.92E-05,
-7.19E-06,
-2.93E-06,
-0.007583,
0.0027812,
0.00018059,
-2.03E-05,
-0.00059934,
5.25E-07,
-4.19E-06,
-6.28E-06,
2.00E-07,
-1.82E-06,
0.042026,
-0.00027962,
-4.47E-05,
3.26E-06,
-8.16E-07,
-0.00031693,
0.00023707,
0.00043027,
6.38E-05,
4.54E-05,
0.0026158,
-0.0068744,
-0.00093183,
0.0001546,
0.0024189,
0.00017672,
2.51E-05,
-5.23E-05,
-9.67E-08,
-2.85E-05,
0.00062867,
-0.0016492,
6.62E-06,
-0.0015452,
-0.00017979,
5.36E-06,
-6.43E-09,
-3.46E-08,
1.05E-05,
0.00016665,
0.00032289,
-0.00088869,
0.0067047,
0.00013577,
1.47E-08,
-0.00086112,
3.79E-06,
-4.28E-06,
-1.05E-06,
1.86E-07,
-8.64E-07,
0.034178,
-0.0026566,
5.71E-08,
-1.41E-05,
-5.64E-07,
-0.00041393,
0.0001486,
0.00025319,
3.96E-05,
4.81E-06,
-6.10E-06,
-0.0039511,
-8.54E-06,
0.00083109,
0.0022836,
0.00030731,
6.09E-05,
-1.37E-05,
-8.16E-06,
-3.66E-06,
-7.15E-05,
-1.26E-05,
-3.22E-06,
-0.0014866,
-4.69E-05,
2.88E-05,
-9.18E-08,
-9.17E-05,
-3.61E-05,
1.15E-05,
2.52E-08,
-9.39E-05,
0.018294,
2.64E-05,
1.01E-05,
-0.00068104,
0.00014089,
-0.00011333,
7.42E-05,
-1.43E-06,
-1.92E-11,
0.0071589,
-0.0010033,
1.26E-06,
4.66E-05,
1.69E-06,
-1.50E-08,
1.04E-06,
0.00013989,
-2.12E-05,
3.15E-05,
-0.0028305,
-0.0020605,
-7.99E-06,
0.0015658,
0.00074734,
-0.00012894,
1.29E-05,
-7.35E-06,
0.00010086,
-7.86E-05,
-0.0002086,
0.00086532,
-1.52E-06,
-0.0010896,
-9.92E-05,
9.74E-06,
-1.23E-07,
-0.00038897,
-8.47E-06,
-9.74E-05,
4.04E-05,
0.00011404,
0.0093135,
2.47E-05,
-0.0049664,
5.88E-05,
-1.14E-06,
-5.64E-05,
0.00031294,
-0.00042821,
4.30E-05,
0.0012882,
0.00012958,
0.0015157,
0.0016352,
-0.00010374,
-1.96E-05,
1.27E-07,
-4.13E-05,
2.94E-05,
-1.31E-07,
-0.01741,
-0.0096948,
-5.86E-05,
1.54E-07,
-1.35E-07,
-0.0010187,
1.63E-05,
1.44E-05,
9.26E-06,
-4.19E-07,
-0.00078271,
0.016516,
-8.08E-05,
-0.00087429,
1.57E-08,
3.57E-07,
3.88E-05,
-9.88E-05,
0.0001305,
1.05E-06,
-1.92E-05,
0.0001373,
-0.02112,
-0.010849,
-0.00025195,
0.0015992,
-4.08E-07,
0.0003362,
-0.0035164,
-0.024032,
-0.003915,
0.0047479,
9.37E-06,
0.058459,
0.011985,
0.034221,
0.015779,
0.041552,
2.88E-07,
0.00019162,
0.019561,
-0.0029737,
0.024068,
0.00063779,
0.000636,
0.0015082,
4.73E-06,
-0.074642,
-0.00026271,
0.036848,
0.0032961,
-0.013561,
0.00032233,
4.21E-05,
0.00025535,
-0.00035842,
0.019543,
-0.01648,
-1.06E-05,
0.00060684,
-0.012193,
0.020603,
-0.0014621,
0.022796,
-0.020248,
0.012212,
-0.0062941,
-6.41E-05,
0.0019371,
-0.0045487,
-0.00089658,
0.0068834,
-7.71E-05,
-0.0089567,
-0.0048622,
-7.19E-05,
0.0026126,
0.049674,
0.034412,
0.0045705,
0.010588,
0.0037264,
-0.023869,
-0.00089927,
-0.014294,
-0.00061716,
0.0075687,
0.046113,
-0.039374,
0.0018903,
-8.52E-08,
-0.0035485,
5.28E-05,
1.58E-05,
-1.92E-07,
0.00064516,
-0.0085706,
0.0007143,
-5.77E-06,
-2.98E-05,
-0.013233,
-0.0022089,
-0.00015146,
0.00041403,
-0.00073219,
-0.033473,
-0.0015133,
9.10E-05,
0.0011813,
-0.004014,
0.014347,
1.73E-05,
0.00011443,
-4.33E-05,
0.00087801,
-7.57E-05,
-0.006189,
-1.43E-05,
8.92E-05,
0.0019572,
0.00024984,
4.54E-05,
-0.00074954,
-0.00071074,
0.00046342,
-5.69E-05,
-0.00055026,
1.13E-06,
0.00024348,
-0.00013736,
-0.00016658,
0.00010623,
6.96E-06,
-1.99E-07,
4.23E-05,
-9.84E-06,
4.34E-06,
1.07E-05,
1.88E-07,
-1.13E-05,
-6.14E-05,
-0.00017739,
-2.04E-05,
-2.93E-05,
-4.20E-07,
7.79E-05,
0.0011154,
2.85E-06,
1.50E-06,
-2.81E-05,
6.68E-09,
-0.00027184,
-8.33E-07,
-5.54E-07,
-8.57E-06,
-3.47E-06,
-1.78E-05,
7.88E-09,
9.69E-06,
1.30E-05,
2.51E-05,
6.41E-05,
4.83E-05,
1.90E-06,
-0.0015148,
0.011761,
-0.00048215,
-3.27E-07,
0.00038626,
0.0015531,
0.0035728,
-0.0001659,
-1.09E-06,
6.78E-05,
7.13E-06,
-9.73E-08,
-0.00024881,
-1.27E-07,
4.69E-05,
-7.84E-06,
0.00010979,
0.00070445,
8.73E-09,
-1.72E-05,
0.00019829,
0.34741,
0.00023056,
0.031027,
-0.20909,
-0.002258,
0.081826,
0.09731,
0.0058935,
-0.031534,
-0.034248,
-0.15382,
0.0066823,
-0.066631,
0.074426,
-0.14447,
0.069348,
-0.13926,
0.082277,
-0.11922,
0.1698,
-0.0029742,
0.098489,
-0.39478,
0.055774,
0.11355,
-0.0043929,
-0.11419,
-0.013448,
-4.05E-05,
0.060369,
0.0021907,
0.0060702,
-0.015237,
-0.005487,
-0.0025246,
-0.011342,
6.36E-05,
-0.036142,
0.0001647,
-0.10004,
0.010248,
0.20274,
-0.00011224,
0.046666,
-0.15993,
-0.014231,
0.063961,
0.039134,
0.034172,
-0.01736,
0.0075012,
-0.0080389,
0.092665,
-6.19E-05,
0.12717,
-0.00084317,
0.0067721,
-0.0056594,
0.00023002,
-0.0015972,
-0.00058769,
-8.89E-05,
0.036603,
-0.33917,
0.015286,
0.16884,
-0.00346,
-0.080112,
-0.1052,
0.00574,
6.78E-07,
0.30132,
0.042753,
-0.01737,
-0.095234,
0.0020538,
0.05088,
0.00026793,
-0.0047207,
-0.075749,
7.50E-05,
0.029713,
0.077047,
-0.0061847,
0.10546,
-0.26867,
-0.014563,
0.060915,
0.032941,
-1.27E-06,
-0.0023931,
0.0020931,
-0.00096923,
-0.000165,
-0.038584,
-5.45E-05,
0.064265,
0.006516,
3.26E-05,
-0.043073,
-0.0090269,
0.0286,
9.59E-05,
0.0062602,
-0.28872,
0.0062015,
0.16683,
-0.00011392,
-0.10066,
-0.043425,
-0.025957,
0.043551,
0.17186,
0.0020559,
-0.0022976,
-0.23598,
0.00087275,
0.11248,
0.001766,
-0.0012373,
-0.087628,
0.00027686,
0.018485,
0.014082,
-0.029914,
0.13051,
-0.19607,
-0.036325,
0.035507,
0.10777,
0.0015827,
-0.006386,
2.82E-05,
0.00022844,
-0.0036519,
-0.010965,
-0.013055,
0.028013,
0.016998,
-8.42E-06,
-0.014077,
-0.070309,
0.04444,
0.0019718,
0.00038947,
-0.22736,
0.00077012,
0.19104,
8.48E-05,
-0.056959,
-0.052498,
-0.06183,
0.022667,
0.24217,
0.0079037,
-0.0017783,
-0.11459,
-0.0017027,
0.11374,
0.00073786,
-0.00029426,
-0.056415,
-0.0059477,
0.077899,
4.60E-05,
-0.084912,
0.18258,
-0.17005,
-0.039005,
0.021009,
0.11829,
0.0061423,
-0.00010857,
0.00020124,
-0.06583,
3.76E-05,
0.019153,
-0.0040726,
0.042396,
-3.62E-06,
-0.026262,
0.22192,
-0.052347,
-0.027034,
0.02859,
-4.51E-05,
-0.19524,
1.86E-05,
0.19343,
4.25E-07,
-0.037961,
-0.080053,
-0.0015666,
0.041477,
0.0019064,
0.084864,
-0.00075289,
-0.016501,
0.061007,
-0.045807,
-0.018467,
0.18688,
-0.045208,
-0.015233,
0.1371,
-0.0074956,
-0.15154,
0.22667,
-0.10791,
-0.055897,
0.010164,
0.048023,
0.09235,
-0.0011372,
-0.084111,
0.033428,
-0.064758,
-0.0039494,
0.46592,
-0.09215,
-0.0072196,
0.096548,
-0.070118,
-1.47E-05,
0.074085,
0.00046999,
-0.0066039,
-0.12047,
-8.63E-05,
0.19744,
0.0053384,
-0.079789,
-0.04172,
-0.065748,
-0.00062233,
0.45204,
0.051456,
0.029027,
0.011654,
0.0040819,
0.013314,
0.017499,
0.022381,
0.018263,
0.026697,
0.0060197,
-0.082315,
-0.32399,
0.32157,
-0.1185,
-0.10629,
0.0016749,
0.049975,
0.015637,
-0.0025367,
-0.10146,
-0.13472,
-0.1098,
-0.057063,
-0.017608,
-0.024137,
-0.014462,
-0.0040471,
-0.0015837,
-0.00039754,
-9.85E-05,
0.0032433,
-0.021454,
-0.077992,
-0.002069,
0.25137,
0.0064183,
-0.025612,
-0.038581,
-0.0012593,
0.018485,
0.092008,
0.10212,
0.044283,
0.015698,
0.010638,
0.017547,
0.030922,
0.0070839,
0.0030303,
0.00099576,
3.63E-05,
-0.23425,
-0.4176,
0.36405,
-0.081128,
-0.14468,
4.74E-05,
0.060345,
0.019441,
-0.0034904,
-0.16114,
-0.1903,
-0.070897,
-0.0080059,
-0.0004094,
-4.97E-07,
4.56E-05,
0.00012836,
0.00042577,
0.00076948,
0.0010982,
4.44E-05,
-0.061161,
-0.052389,
-0.0061964,
0.20519,
0.014207,
-0.017721,
-0.039978,
-0.00047101,
0.032141,
0.15674,
0.058039,
0.041592,
0.0086076,
0.0046342,
0.0032086,
1.03E-06,
-1.17E-05,
-0.0007159,
-0.0055517,
-0.0072957,
-0.39861,
-0.51223,
0.41872,
-0.040802,
-0.13114,
3.67E-05,
0.1046,
0.035534,
0.041007,
-0.019052,
0.00047156,
-0.030126,
0.010243,
-0.0010851,
0.0010435,
-0.00023602,
-0.00061156,
1.93E-06,
-0.020194,
0.00050709,
6.24E-07,
-0.1564,
-0.029382,
-0.023952,
0.21219,
0.041712,
-0.030351,
-0.030753,
-0.063889,
0.11429,
5.96E-05,
0.26407,
-0.0024011,
0.11294,
-0.0081491,
0.079774,
-0.0040476,
0.033347,
-0.0041201,
0.0040643,
-0.0008299,
-0.61928,
-0.60637,
0.40274,
-0.022756,
-0.15511,
2.39E-07,
0.035061,
0.092328,
-0.0035872,
9.77E-06,
-0.25328,
0.0096696,
-0.1147,
0.19023,
-0.040263,
0.17422,
-0.016344,
0.11003,
-0.016263,
0.10978,
-0.0016839,
-0.27949,
-0.009442,
-0.055815,
0.19107,
0.050393,
-0.017878,
-0.11678,
-0.088556,
-0.014691,
7.98E-06,
-0.00079765,
-0.014368,
0.0059923,
0.021226,
0.00012727,
-0.0064903,
-0.042576,
0.0071003,
0.079499,
0.0012255,
-0.82925,
-0.70838,
0.48327,
-0.0076751,
-0.24066,
-0.00056791,
0.012769,
0.054768,
0.050413,
3.69E-05,
-0.0068023,
-0.15489,
-0.00106,
0.074063,
0.031352,
-2.36E-06,
-0.058732,
-0.0054139,
0.039229,
0.028409,
-0.0010814,
-0.34065,
-0.0022396,
-0.098161,
0.11103,
0.044498,
-0.0047781,
-0.073059,
-0.012752,
0.013561,
0.010585,
5.52E-05,
-0.030702,
0.0016805,
0.093891,
-5.09E-06,
-0.0056232,
-0.085563,
0.0013767,
0.040854,
0.0014232,
-0.47623,
-0.53771,
0.34436,
-0.00074278,
-0.19648,
-0.0048036,
0.0147,
0.073967,
0.098171,
0.0044696,
-0.0082881,
-0.062267,
-0.032461,
0.059825,
0.026194,
-0.00021084,
-0.023724,
-0.02308,
0.043582,
0.023023,
-0.0014865,
-0.48524,
-3.71E-05,
-0.13307,
0.1239,
0.051986,
-0.00054126,
-0.1169,
-0.023432,
0.015474,
0.0015909,
0.0011119,
-0.020492,
8.61E-06,
0.051902,
-5.17E-06,
-0.00077164,
-0.045683,
-0.00099523,
0.063905,
0.00073129,
-0.43164,
-0.58196,
0.31341,
-0.00014289,
-0.1759,
-0.0080382,
0.039267,
0.048571,
0.0012177,
0.11946,
-0.15488,
-0.082107,
0.14755,
-0.11312,
-0.0020199,
0.12697,
-0.079913,
-3.34E-05,
0.043961,
-0.043137,
-1.58E-05,
-0.60468,
8.81E-05,
-0.16808,
0.087881,
0.096935,
7.34E-05,
-0.058877,
-0.077979,
0.035689,
-0.027981,
1.08E-06,
0.18967,
-0.072955,
-0.0004446,
0.026191,
-0.02718,
0.0032897,
0.00079744,
-0.0097199,
0.077332,
-0.21821,
-0.51407,
0.25824,
1.46E-05,
-0.18692,
-0.0085808,
0.0093287,
0.068894,
0.14377,
-0.0090362,
-0.043074,
0.00020733,
-0.02831,
0.00099282,
0.0026095,
-0.016556,
0.029786,
-0.0023636,
-0.015116,
0.11669,
-0.0010826,
-0.53584,
0.0042195,
-0.24629,
0.080758,
0.13755,
-2.78E-05,
-0.048213,
-0.019005,
-0.030598,
0.0024152,
0.003133,
0.0029984,
0.00029968,
-2.98E-06,
2.55E-05,
0.00096308,
0.0009344,
0.0029872,
0.00952,
0.01008,
-0.11259,
-0.3606,
0.23424,
0.0030891,
-0.20635,
-0.01413,
0.016928,
0.17554,
0.1196,
0.030446,
0.0020013,
1.09E-05,
5.56E-06,
-1.13E-06,
-0.00015659,
-0.010707,
-0.03118,
-0.088204,
-0.12879,
-0.17418,
8.29E-08,
-0.76225,
0.013393,
-0.22925,
0.028139,
0.087823,
8.53E-05,
-0.038736,
-0.049855,
-0.0012482,
0.0066841,
0.07004,
0.049049,
0.01862,
0.0079973,
0.0064196,
0.012847,
0.023375,
0.031049,
0.023401,
0.036966,
0.008415,
0.053345,
0.053312,
0.06431,
0.022144,
0.015467,
0.0022718,
7.97E-05,
-1.81E-05,
-0.0025659,
-0.0028753,
-0.011655,
-0.02105,
-0.030632,
-0.040786,
-0.052787,
-0.081709,
-0.08914,
-0.067299,
-0.056977,
-0.010103,
-7.64E-05,
-3.25E-06,
0.0010537,
0.00017394,
-3.89E-07,
-6.75E-08,
-9.14E-09,
-3.73E-06,
5.94E-07,
8.27E-06,
-0.1228,
-0.0032345,
-0.0070816,
0.0091352,
0.076188,
0.016074,
0.0035757,
8.75E-08,
0.00038496,
5.57E-06,
-0.0005558,
-0.12598,
0.10105,
0.020366,
-0.15424,
-0.066495,
0.0073246,
0.0093035,
0.20312,
-0.011652,
0.027007,
-0.1539,
0.066347,
-0.022853,
0.18597,
-0.020207,
0.13808,
-0.01519,
0.11127,
-0.0069483,
0.0013026,
-0.40381,
0.097207,
-0.27148,
0.0063109,
0.19024,
0.0021716,
-0.024393,
-0.090856,
-0.017059,
-0.065372,
0.0042258,
-0.019329,
0.057671,
-0.064622,
0.038899,
-0.045218,
0.13457,
-0.038835,
0.17558,
-0.01361,
0.0021049,
-0.047919,
0.061636,
0.036428,
-0.11107,
-0.063384,
0.00048555,
0.017941,
0.066984,
-2.18E-05,
-0.0017302,
-0.029412,
-0.026246,
-0.0001861,
-0.029067,
1.22E-05,
-0.067865,
0.0059426,
-0.084868,
0.017987,
-0.0009268,
-0.35974,
0.12817,
-0.26414,
0.00072183,
0.14999,
0.0022932,
-0.0012655,
-0.10054,
0.0026503,
-0.00059807,
-0.0044548,
0.054017,
0.030945,
-1.02E-05,
-0.013526,
-0.062868,
0.0079074,
0.059349,
9.98E-06,
-0.0056206,
0.045315,
-0.017641,
0.0301,
0.065398,
-0.11331,
-0.11389,
-2.03E-07,
0.065969,
0.079605,
0.003565,
-0.076397,
-0.0058008,
0.018276,
0.0014436,
-4.96E-05,
-0.05987,
-0.00026095,
0.037411,
0.0075082,
3.71E-05,
-0.00024,
-0.27084,
0.2085,
-0.33874,
1.91E-05,
0.099461,
0.0071659,
-0.0010721,
-0.0063758,
-0.023801,
-0.0073053,
-0.021716,
0.051882,
0.1208,
-1.54E-06,
-0.012756,
-0.039653,
0.0014712,
0.049996,
0.0010609,
-0.0039372,
0.121,
-0.0008865,
0.0063681,
0.098095,
-0.074668,
-0.14015,
-6.17E-06,
0.052869,
0.12584,
0.0079731,
-0.05575,
-0.029596,
0.024458,
0.0052728,
-2.71E-07,
-0.0077566,
-0.037172,
0.082923,
0.0098172,
-7.85E-05,
-0.00085366,
-0.18397,
0.2288,
-0.33381,
-6.03E-05,
0.071163,
0.013078,
-0.00018367,
-0.0076364,
-0.024636,
-0.00067659,
-0.014163,
0.0067448,
0.075557,
-1.96E-06,
-0.001547,
-0.077908,
-5.72E-05,
0.079079,
0.00066425,
-0.00015015,
0.24266,
0.00038214,
0.0020776,
0.10677,
-0.045645,
-0.13078,
-0.0043691,
0.049241,
0.017588,
0.0047712,
0.010081,
-0.063635,
0.00020992,
2.46E-05,
-0.014849,
0.19968,
-0.027372,
-0.057375,
0.27866,
-0.086281,
-0.0028182,
-0.069217,
0.3145,
-0.31562,
-0.0015002,
0.12978,
0.028009,
1.16E-06,
-0.027143,
-0.011526,
4.71E-06,
-0.0015541,
0.15964,
-0.0074628,
-0.0050892,
0.084152,
-0.063212,
-0.034967,
0.28058,
-0.15287,
-0.0008007,
0.31712,
0.0066397,
0.00018144,
0.12795,
-0.035374,
-0.11443,
-0.0030026,
0.0017247,
0.19651,
-5.63E-05,
-0.012692,
0.12005,
-0.11783,
-0.0058967,
0.19385,
-0.10848,
-0.0010644,
0.092644,
-0.024499,
3.95E-05,
0.005415,
-0.016089,
0.30085,
-0.2975,
-0.0083535,
0.11557,
0.026311,
-0.0051878,
-0.0059601,
-0.42287,
-0.062413,
-0.0096864,
-0.01269,
-0.010699,
-0.045052,
-0.051547,
-0.07448,
-0.027684,
-0.0039161,
-0.0009906,
-0.0033369,
0.31847,
0.035615,
-0.0010197,
0.20893,
-0.019336,
-0.086524,
-0.0043021,
0.037782,
0.070831,
0.036497,
0.0019175,
0.0003452,
0.00075491,
0.024928,
0.018005,
0.070757,
0.017313,
0.059633,
0.018744,
0.01601,
0.0032789,
-0.0022235,
0.36455,
-0.23568,
-0.013707,
0.073406,
0.031567,
-5.40E-05,
-0.074463,
-0.2047,
-0.084854,
-0.033183,
-0.020831,
-0.015844,
-0.0079306,
-0.0083059,
-0.0014902,
-4.26E-06,
0.00048243,
0.0011678,
0.002133,
0.20655,
0.093575,
-0.0044146,
0.2556,
-0.011825,
-0.09522,
-0.0040084,
0.0080463,
0.12591,
0.14131,
0.01259,
0.0032737,
0.0061512,
0.0066759,
0.0063607,
0.0094055,
6.85E-05,
0.00072119,
-0.00030227,
-0.003608,
2.97E-07,
0.0004525,
0.34,
-0.12925,
-0.015881,
0.083176,
0.054133,
1.12E-05,
-0.063292,
-0.087682,
-0.032747,
-0.00033217,
2.44E-07,
0.0012619,
0.00080044,
0.0011751,
0.00060724,
0.0040626,
0.0044466,
0.0032749,
0.013149,
0.0011068,
0.0015768,
-5.30E-05,
2.18E-05,
-3.89E-06,
-2.51E-05,
-0.00015999,
2.54E-05,
-6.70E-07,
-0.0032916,
-4.97E-06,
-0.011808,
0.0013588,
-0.030419,
0.020196,
-0.10754,
0.042663,
-0.093051,
0.096555,
-0.14825,
0.0041911,
-0.003923,
-5.61E-07,
-2.23E-05,
4.25E-06,
-7.86E-06,
2.53E-05,
-2.07E-05,
0.0022098,
-0.0040413,
0.0085808,
-0.00073164,
0.0014528,
-0.008191,
-5.83E-06,
-0.00079282,
-0.0039969,
-2.14E-05,
-0.02867,
-3.34E-07,
-0.065389,
0.0020455,
9.31E-05,
-7.38E-06,
1.63E-05,
3.15E-06,
-8.57E-06,
0.0002813,
-0.0002593,
0.03274,
-0.0012631,
0.058439,
-0.002324,
0.16785,
-0.0034962,
0.075705,
-0.0019222,
0.013539,
-0.0037146,
0.0015857,
-0.0015915,
0.00013199,
-0.0043339,
1.36E-06,
-5.39E-05,
1.43E-08,
2.80E-07,
-0.00052289,
7.10E-05,
-0.0052595,
0.018444,
-0.02599,
0.0034117,
0.035822,
-1.49E-05,
-0.017939,
-0.034839,
0.0084027,
0.02728,
1.49E-06,
-0.005539,
-0.039778,
0.0072737,
2.08E-06,
8.51E-06,
3.47E-05,
-1.40E-05,
5.17E-05,
4.62E-05,
0.0001321,
-8.82E-05,
-0.071595,
7.86E-05,
0.011987,
0.0020786,
-0.0005019,
-0.10172,
-0.00033982,
0.024814,
0.0048885,
-4.78E-05,
-0.1056,
-4.50E-06,
-0.0028938,
2.37E-05,
-0.00011419,
0.00019256,
-3.43E-07,
1.23E-05,
0.00017442,
-3.51E-05,
-0.00051907,
-0.036298,
0.0097232,
0.043119,
-1.59E-08,
-0.0045673,
-0.054027,
0.0089977,
0.041303,
0.00046781,
-0.0030048,
-0.054499,
0.0092429,
-0.00017031,
7.69E-05,
2.26E-05,
-1.75E-05,
6.57E-05,
2.83E-06,
0.0010326,
-7.36E-05,
-0.069132,
-0.00061364,
0.023226,
0.0085838,
-0.00097167,
-0.030759,
-0.010574,
0.026317,
0.0097783,
-0.00020327,
-0.017846,
-0.0002957,
-0.00049123,
0.00020311,
-4.77E-05,
0.00013673,
-2.02E-07,
1.60E-06,
0.00038048,
-0.00014373,
1.03E-08,
-0.054612,
0.0025091,
0.070639,
1.05E-05,
-0.0050951,
-0.038887,
-5.01E-06,
0.095595,
0.00063466,
-0.001218,
-0.038801,
6.17E-05,
-1.71E-08,
0.020562,
0.011687,
-0.00030784,
-0.0045564,
-0.0091555,
0.015591,
8.55E-08,
4.80E-06,
0.098036,
-0.15345,
-0.016625,
0.020052,
-0.20061,
-0.0083743,
0.041328,
-0.10382,
-0.00050386,
0.0010151,
-0.064235,
-0.0084161,
-0.0038948,
-0.0073264,
-2.85E-06,
0.0051787,
0.006536,
0.019587,
-0.014698,
-0.033343,
0.1391,
7.46E-07,
-0.0010627,
0.010585,
-0.0057512,
4.34E-05,
-7.03E-07,
-4.95E-05,
0.00072095,
-1.47E-06,
-0.0035817,
0.00089709,
-0.0030183,
0.00094752,
-0.0021757,
0.010017,
-0.0081767,
0.0073356,
1.74E-06,
-0.015878,
0.052981,
0.00010652,
7.59E-05,
-1.48E-07,
-0.10462,
0.0057869,
1.85E-06,
-9.59E-06,
0.2117,
-0.030994,
0.00025245,
0.022546,
-1.20E-06,
-0.0049933,
-0.0013047,
0.0073476,
0.0054248,
-0.0056128,
-6.99E-05,
0.027878,
-0.033618,
0.0070393,
5.98E-05,
-2.95E-05,
-0.0054529,
-0.0012698,
-1.19E-05,
-0.055227,
-0.062141,
-0.012597,
-0.0090767,
-0.0046532,
-0.0059864,
-0.00072552,
0.0051206,
0.0007771,
-0.00058589,
-0.0031619,
0.0021736,
-6.54E-05,
-0.00059116,
0.00067612,
1.42E-05,
-3.65E-05,
0.0011723,
-0.00086893,
-0.0010553,
-4.43E-05,
-7.28E-05,
5.00E-08,
2.53E-05,
-0.00069075,
-0.00029946,
0.0019023,
0.00018014,
-0.00020743,
0.00020176,
-1.08E-06,
-0.00041265,
2.45E-05,
4.23E-05,
-1.93E-06,
-2.08E-07,
0.0030242,
0.00025548,
3.02E-05,
-0.0011815,
3.81E-05,
-0.00048152,
0.0051311,
-4.83E-05,
8.08E-07,
4.91E-05,
-0.00060417,
-0.005017,
-0.00081219,
0.00012898,
0.00083219,
-0.023203,
-0.00060293,
-0.0001497,
0.0013055,
0.00059493,
0.021236,
-3.55E-05,
-4.09E-07,
3.51E-05,
-0.00016982,
-4.03E-05,
6.09E-05,
-1.87E-05,
8.09E-08,
9.24E-06,
0.01258,
0.00014832,
0.00018424,
-0.0041618,
0.0013616,
0.00014329,
-0.0016987,
-0.00024505,
0.0088912,
0.00021549,
4.94E-08,
-1.38E-05,
7.26E-08,
-5.13E-06,
0.00023382,
-0.00031911,
-0.0010348,
-5.85E-06,
7.94E-06,
0.00078107,
-1.39E-11,
1.86E-05,
-0.0047501,
-9.59E-05,
-1.58E-06,
-0.0015898,
-0.00031095,
0.00011611,
-0.00050792,
-0.00035688,
0.00049836,
3.99E-05,
-0.0012662,
0.00077557,
3.91E-06,
-8.15E-09,
0.00010231,
0.00020161,
-0.0007983,
1.19E-07,
-0.0017364,
-0.0025387,
0.0039991,
-1.95E-05,
-2.10E-05,
0.00086203,
0.00075215,
-3.07E-06,
5.35E-05,
-7.71E-05,
0.00026943,
-0.0026491,
0.00077354,
-1.42E-06,
2.45E-05,
-1.75E-05,
0.00027233,
-0.00011761,
-9.41E-07,
-2.76E-06,
-2.16E-06,
0.0010848,
0.00011421,
-8.63E-05,
-2.00E-07,
0.00016364,
-1.00E-05,
5.25E-05,
-1.18E-05,
-1.13E-05,
-5.82E-06,
-1.21E-06,
-0.00086587,
-3.84E-08,
1.58E-05,
-0.00059788,
0.00011374,
-1.28E-06,
1.73E-05,
8.58E-08,
-1.01E-08,
-0.00011797,
1.50E-07,
-2.30E-08,
-1.03E-05,
3.45E-05,
-5.09E-06,
-5.63E-08,
-1.76E-06,
4.42E-06,
-1.85E-06,
-1.36E-09,
1.13E-05,
-6.13E-07,
-1.41E-09,
2.03E-07,
1.08E-05,
-6.86E-06,
5.04E-05,
-3.43E-07,
1.95E-06,
4.21E-07,
1.04E-05,
-2.54E-10,
-1.21E-06,
3.31E-08,
9.25E-09,
-1.35E-06,
6.94E-08,
6.10E-09,
-1.22E-06,
2.66E-09,
4.50E-07,
1.68E-08,
3.70E-07,
7.84E-11,
-1.18E-07,
3.48E-07,
3.64E-07,
3.37E-07,
-2.59E-08,
-1.42E-06,
4.30E-07,
1.86E-08,
-2.33E-07,
-1.70E-08,
1.20E-07,
1.23E-07,
-6.59E-08,
1.13E-07,
1.00E-08,
-2.12E-07,
8.77E-08,
1.19E-08,
2.15E-08,
-2.85E-08,
7.91E-12,
2.78E-08,
1.25E-08,
3.41E-08,
5.57E-09,
-2.07E-08,
3.41E-09,
-3.82E-08,
1.42E-10,
-8.54E-09,
1.08E-10,
-1.93E-09,
-8.67E-09,
6.47E-09,
-5.19E-10,
-6.13E-09,
7.60E-10,
-7.08E-10,
5.67E-09,
1.11E-09,
4.75E-10,
-1.47E-10,
4.86E-11,
7.63E-10,
6.76E-11,
-3.52E-12,
-1.31E-10,
5.77E-10,
2.57E-09,
-5.74E-10,
1.47E-10,
1.52E-10,
1.79E-11,
1.37E-10,
2.67E-11,
-3.53E-13,
3.11E-10,
3.39E-11,
3.20E-11,
6.34E-11,
3.47E-10,
-5.12E-13,
3.33E-13,
7.39E-11,
3.51E-11,
9.96E-10,
1.05E-10,
2.43E-10,
3.94E-11,
1.32E-11,
1.45E-10,
1.67E-11,
1.35E-10,
1.47E-11,
8.93E-11,
1.41E-10,
3.98E-11,
8.45E-11,
9.97E-11,
8.12E-11,
8.64E-11,
4.87E-11,
6.21E-11,
5.12E-11,
5.99E-11,
7.53E-11,
6.53E-11,
7.16E-11,
5.34E-11,
4.68E-11,
4.27E-11,
5.84E-11,
5.47E-11,
6.37E-11,
6.35E-11,
5.84E-11,
6.22E-11,
5.93E-11,
6.01E-11,
5.79E-11,
6.71E-11,
5.16E-11,
5.39E-11,
5.92E-11,
6.43E-11,
5.51E-11,
5.80E-11,
6.01E-11,
6.92E-11,
6.09E-11,
7.02E-11,
5.73E-11,
5.95E-11,
6.40E-11,
5.63E-11,
5.28E-11,
5.41E-11,
5.65E-11,
6.31E-11,
5.58E-11,
6.01E-11,
5.46E-11,
6.42E-11,
9.14E-11,
5.92E-11,
7.21E-11,
5.87E-11,
5.62E-11,
5.63E-11,
5.47E-11,
6.63E-11,
7.07E-11,
5.69E-11,
5.03E-11,
6.07E-11,
5.79E-11,
5.54E-11,
5.60E-11,
7.13E-11,
8.25E-11,
7.41E-11,
6.02E-11,
8.21E-11,
5.13E-11,
